/*--------------------------------*- C++ -*----------------------------------*\
| =========                 |                                                 |
| \\      /  F ield         | OpenFOAM: The Open Source CFD Toolbox           |
|  \\    /   O peration     | Version:  v1706                                 |
|   \\  /    A nd           | Web:      www.OpenFOAM.com                      |
|    \\/     M anipulation  |                                                 |
\*---------------------------------------------------------------------------*/
FoamFile
{
    version     2.0;
    format      ascii;
    class       volVectorField;
    location    "0.4536";
    object      fD_mixture;
}
// * * * * * * * * * * * * * * * * * * * * * * * * * * * * * * * * * * * * * //

dimensions      [1 -1 -2 0 0 0 0];


internalField   uniform (0 0 0);

boundaryField
{
    symmetry
    {
        type            symmetry;
    }
    inlet
    {
        type            calculated;
        value           uniform (0 0 0);
    }
    orion
    {
        type            calculated;
        value           nonuniform List<vector> 
1990
(
(1.169651602 0.1508389295 0.4961863965)
(0.1546066338 -0.04781189476 0.2092685683)
(1.085450497 0.005653703679 0.3836765725)
(0.06286595294 -0.02742416001 0.1680437859)
(0.6461870689 -0.1621518968 0.4615368233)
(0.1204612076 -0.02005003431 0.1248601742)
(1.417130491 0.09822269323 0.7587476396)
(0 0 0)
(0.9880295762 -0.1396967446 0.6551465794)
(0 0 0)
(1.351311775 -0.2041724044 0.6347807661)
(0.7774126757 -0.08726413628 0.6073676348)
(0 0 0)
(1.03720187 0.08583460597 0.633333464)
(1.471861221 0.01151459501 0.8164848262)
(0.0076892683 0.001686475588 0.02645909063)
(1.279066172 -0.1466006892 0.3976965669)
(0.06033221424 -0.04082023789 0.1430278584)
(1.315471306 0.07677567746 0.8944615566)
(0 0 0)
(0 0 0)
(1.35103115 -0.1405892469 0.8153848213)
(0 0 0)
(1.507586111 -0.2445690128 0.8954394617)
(0 0 0)
(1.162761551 0.005515350523 0.7325156272)
(0 0 0)
(1.015062687 -0.09555971544 0.5354460077)
(1.283857069 0.03451902625 0.5126094306)
(0.3213904293 -0.1786344492 0.1177488866)
(1.676745882 -0.1420104172 0.9074061374)
(1.181985837 -0.06362322356 0.7386309756)
(1.890916876 0.04383343647 0.889009921)
(0 0 0)
(0.9461267455 -0.1056272755 0.8661563852)
(0 0 0)
(1.231812526 -0.1855527983 0.8098351743)
(0 0 0)
(1.016535628 0.02645844787 0.6408410588)
(1.363321798 -0.3443106431 0.7441840078)
(0 0 0)
(2.012373314 0.092700793 0.7473703783)
(0.01140370038 -0.01719792986 0.02218756676)
(2.310122742 -0.3561744381 1.104623081)
(0 0 0)
(2.07941078 -0.01225234151 1.212368546)
(0 0 0)
(1.826107964 -0.3129524187 1.076328061)
(0 0 0)
(1.771523307 -0.2676991463 0.8229571185)
(0 0 0)
(1.764661431 -0.3107351486 0.6661363261)
(2.152779566 -0.0749161741 0.8110953886)
(0 0 0)
(0 0 0)
(2.007595191 -0.1787289185 0.9217413614)
(0 0 0)
(2.807815845 -0.4429492289 1.1262523)
(0 0 0)
(1.980520939 -0.373576767 0.8291468403)
(1.496755809 -0.3197461854 0.8711246469)
(0.6430793947 -0.2681560366 0.3074326458)
(0.0321235669 -0.06892937416 0.02585089538)
(0 0 0)
(0 0 0)
(0 0 0)
(2.35682726 -0.1623646928 1.294013409)
(0 0 0)
(2.46404341 -0.1651368772 1.140222705)
(0 0 0)
(1.895173677 -0.3395601781 1.01699274)
(1.408413241 -0.1249737365 0.6314966085)
(1.953784296 -0.4646993541 0.756808642)
(0 0 0)
(0.0312222368 -0.05233795366 0.004559105456)
(0 0 0)
(0 0 0)
(2.832515502 -0.2891142696 1.288626665)
(2.622394666 -0.1994755406 1.020382208)
(0 0 0)
(2.309270597 -0.2986170362 0.9303366239)
(2.705832203 -0.09119947205 1.066773709)
(2.296616537 -0.5444324184 1.270692016)
(0 0 0)
(2.407511302 0.1556070451 0.9468057658)
(0 0 0)
(1.130932313 -0.3124654161 0.3207668659)
(0.1058332745 -0.1576455739 -0.00122440657)
(0 0 0)
(2.931887831 -0.3614795803 1.16272031)
(0 0 0)
(2.916340985 0.2049516786 1.214157856)
(2.449590324 -0.5318726088 0.8298934897)
(0 0 0)
(0 0 0)
(3.089113819 -0.2849572642 1.056558217)
(0 0 0)
(2.853152991 -0.5452093185 0.966250201)
(0.01673697867 -0.02136039947 -0.00666464835)
(1.184235984 -0.2379165454 0.339780818)
(0 0 0)
(3.256142344 0.03386811035 1.117168646)
(3.864396749 0.002823095936 1.368857906)
(3.702335582 0.09051649836 1.09297548)
(3.766564192 -0.4144465508 1.089203052)
(0 0 0)
(3.413887366 -0.1856822741 1.0384825)
(0 0 0)
(0 0 0)
(2.988222096 -0.3788357197 1.032314221)
(0 0 0)
(0 0 0)
(3.022045341 -0.4842527685 1.159074192)
(0 0 0)
(0.03624675779 -0.02759393156 -0.00977053377)
(1.843736517 -0.327189007 0.4117419928)
(0.02767358863 -0.05426566893 -0.004387727076)
(4.123102299 0.1921262079 1.341856547)
(0 0 0)
(3.377460047 0.1057190345 1.426089719)
(0 0 0)
(3.433590591 -0.2619080618 1.043890132)
(0 0 0)
(0 0 0)
(2.94012028 -0.02295979933 0.7310183678)
(0 0 0)
(0.002765753243 -0.03779120788 0.005507145512)
(0 0 0)
(3.257410007 -0.2864290432 0.8830445133)
(0.00615452251 -0.01356883629 -0.01436640166)
(0 0 0)
(0.3931585974 -0.2901625037 -0.04713195981)
(0.06927868836 -0.04259640256 -0.1056555107)
(0 0 0)
(0 0 0)
(0 0 0)
(3.984908396 -0.5479816206 1.063244723)
(0 0 0)
(3.47979355 -0.4403344327 0.7942661178)
(0 0 0)
(0 0 0)
(0 0 0)
(3.072107149 -0.3405252542 0.8658648539)
(0 0 0)
(0.03291428297 -0.058589984 -0.0003495568527)
(2.713796702 -0.6649559772 0.06236585833)
(0.03068538403 -0.03199892843 -0.01614145957)
(4.10604969 -0.0584382614 1.031001159)
(3.992684198 -0.04928684286 1.069485947)
(4.123607242 0.1291725736 1.116731655)
(0 0 0)
(3.708805211 -0.5410797014 1.175329471)
(0 0 0)
(0 0 0)
(3.754180198 -0.321164382 1.261689906)
(0 0 0)
(4.714566834 -0.24207488 1.304407864)
(0 0 0)
(3.980065583 -0.7430855981 0.4753460618)
(-0.006803037575 -0.0113425862 0.01112847323)
(0.9223888448 -0.2918017233 -0.1531954263)
(0.1729629598 -0.1455481503 -0.08049042052)
(0.07550700757 -0.05502355488 -0.03051473155)
(0 0 0)
(4.730782705 -0.00923929915 0.8215609175)
(0 0 0)
(4.930468825 -0.3574632652 1.367851368)
(0 0 0)
(4.425559666 -0.02681590836 1.055067622)
(0 0 0)
(4.005358226 -0.7251693704 0.2459460562)
(0.004569775795 -0.02434142255 0.01290361252)
(0.01475507676 -0.04387477542 -0.04699086344)
(1.385893502 -0.4518181149 -0.1878573685)
(0.154515983 -0.09892343792 -0.08085159585)
(0.09554057125 -0.046585823 -0.1003771361)
(4.881886345 0.2666087173 1.197404322)
(0 0 0)
(4.690253761 0.1735370744 1.292025965)
(4.328527591 -0.2191548211 1.020865146)
(4.242899999 -0.5065862923 1.044701329)
(0 0 0)
(3.818466915 -0.239537492 0.1593016535)
(0.06854428815 -0.03523277814 -0.02266084212)
(0 0 0)
(2.031423276 -0.4678650771 -0.3245337904)
(0.2150577689 -0.09302884311 -0.1565241439)
(0.09146274898 -0.06415136428 -0.05625372655)
(0.2626887746 -0.2090617377 -0.1476092342)
(0.09938744757 -0.08237715178 -0.03877317729)
(0 0 0)
(0 0 0)
(0 0 0)
(5.033805811 -0.412679468 0.09123013337)
(0.01040936654 -0.02417265455 -0.006911172231)
(2.637990647 -0.4360382195 -0.5280729878)
(0 0 0)
(0.5135392588 -0.02727286783 -0.3266847481)
(0.303262466 -0.168816878 -0.2203989772)
(0.1186933111 -0.02990321145 -0.09958816857)
(0.1364004831 -0.09872297541 -0.04440777152)
(0.08052190883 -0.02703237657 -0.08532022047)
(0.221577969 -0.07831069684 -0.09852906578)
(0.1388710321 -0.08049883102 -0.07887349775)
(0.006423251641 -0.0147673998 -0.04319068579)
(0.1032079036 -0.09103434554 0.01073128094)
(0 0 0)
(0 0 0)
(0 0 0)
(3.933420746 -0.2507178432 -0.6115979903)
(0 0 0)
(0 0 0)
(1.183729212 -0.1821715951 -0.6517891439)
(0.5914159822 -0.07329240777 -0.2604176178)
(0.7866650084 -0.2420925057 -0.3002718989)
(0.05224274565 -0.04225702284 -0.02525060774)
(0.4185469932 -0.1271929337 -0.1247385982)
(0.5883521138 -0.2587058938 -0.2050580992)
(0.2343334409 -0.1534489638 -0.1561282778)
(0.2996474477 -0.1741306107 -0.0932080788)
(0.1759598636 -0.08459710302 -0.1277277212)
(0.1496929739 -0.06690450423 -0.1373838963)
(0.06209038781 -0.07103647911 -0.02545502622)
(0.5488096704 -0.0950681242 -0.4814566884)
(0.6286519337 -0.09703388595 -0.3337218093)
(0 0 0)
(1.350583034 -0.2316184805 -0.5826229462)
(0.639351364 0.09175645671 -0.5742667978)
(0 0 0)
(0.8962905686 -0.08523105331 -0.6360013912)
(0.8758191417 0.07729366228 -0.2752558704)
(0.6750923918 -0.08327172158 -0.3475323034)
(0 0 0)
(0.6261325363 -0.1704628484 -0.4566450541)
(0.2847063503 0.02204797767 -0.1367129871)
(0.9270484125 -0.04080926996 -0.3139148523)
(0 0 0)
(0.6540302653 -0.2657551959 -0.3901485702)
(0.2432334333 -0.03533939584 -0.07936796782)
(0.6157217399 -0.1583587016 -0.2548315489)
(0.1032525863 -0.06321418279 -0.05129770456)
(0.2870077468 -0.1018709306 -0.1846690828)
(0 0 0)
(0.1348791908 -0.04251018228 -0.1067778031)
(0 0 0)
(1.225322948 0.0896676813 -0.6130909561)
(0.8940297459 0.03429499527 -0.5628015563)
(0 0 0)
(0.4496038424 -0.1125703559 -0.195673052)
(1.207730196 -0.104326241 -0.5219825552)
(0.9848818725 -0.01597447853 -0.4754611289)
(0 0 0)
(0.300566991 -0.05866139559 -0.156247732)
(0.634162597 0.004533087315 -0.3345856516)
(0.1942637318 -0.02921274695 -0.1215317333)
(0 0 0)
(0.3502919908 -0.1077924325 -0.2138728427)
(0.1498079941 -0.03288805098 -0.1299981913)
(0.329407678 -0.0395301597 -0.1916201912)
(0 0 0)
(0.5081236365 -0.1073471053 -0.4119333013)
(0.9828254356 -0.07116481353 -0.3593986689)
(0.6240283567 -0.07960974444 -0.3027066799)
(0 0 0)
(0.7182780758 -0.1582915995 -0.3387819571)
(0.3622459974 -0.02148020502 -0.2311585984)
(0 0 0)
(0.5807286604 -0.1335949661 -0.2837139583)
(0.3722403966 -0.06072768897 -0.1995884172)
(0.2628753844 -0.03756675161 -0.1846114023)
(0 0 0)
(1.034203117 -0.08332826565 0.7245342288)
(0.9971657655 0.07459284396 0.7373892112)
(0.9834837172 -0.001325756043 0.6708011401)
(0.3959850559 -0.04272190367 0.3459415645)
(1.46470784 0.2530756069 0.751129873)
(0.450398684 -0.06992688677 0.3978167055)
(0.1366172451 0.02568868881 0.2674031508)
(0.001401906972 0.001911849263 0.02746610541)
(-0.001523093556 -0.004849218651 0.009600109186)
(1.042300352 -0.08157120631 0.5461965871)
(1.463521222 -0.07162357231 0.832068507)
(0.9103929749 0.07866800864 0.5630234537)
(0.9005396252 -0.04693214732 0.7838284984)
(0.8823679002 -0.1497682347 0.3762813298)
(0.2342333391 -0.00310107943 0.1265439941)
(0.1864675766 -0.0598200288 0.1910194253)
(0 0 0)
(0.003336455255 -0.006793515089 0.03022646951)
(1.099809307 -0.01490133232 0.495546667)
(1.332403402 0.02257109835 0.7599978247)
(0.383431624 -0.1431338946 0.1947554411)
(0.1084514833 -0.005893931907 0.08548459771)
(0.7187514128 -0.05815488162 0.4813831707)
(1.86147602 -0.1195264314 0.6617385951)
(1.832915348 0.1379083427 0.5437227066)
(0.1710908083 -0.05481589189 0.1136669629)
(0.4138420991 -0.01867750264 0.3006424819)
(0 0 0)
(1.368997976 -0.0127565728 0.752547027)
(0.0444360785 -0.01205407436 0.04335218748)
(0.007400978919 -0.0215250222 0.09557950288)
(1.244166256 0.02085460708 0.8808561701)
(1.094249033 -0.1827697917 0.8697367598)
(1.343601399 0.05226813953 0.9227741133)
(0.8101751791 0.03812640219 0.431980347)
(1.081225688 -0.04916429641 0.8961431852)
(1.386098241 -0.02650430593 1.034287088)
(0.8675705711 0.1036618951 0.7139390906)
(1.187055609 0.02900126163 0.8642690831)
(0.8448238679 -0.05799955048 0.5554336064)
(0.9888817701 0.0288715944 0.8817620289)
(1.248099594 0.07449833788 0.6017156446)
(1.650804027 -0.01499593042 0.9569657406)
(1.4590758 -0.01964702319 0.7011959022)
(1.340833503 -0.1576213821 0.6951352711)
(1.181931218 -0.227011412 0.7961581364)
(1.006597725 0.006773801628 0.5774502901)
(0.9087418302 -0.01849797911 0.8702372231)
(0 0 0)
(1.329418552 -0.09500450966 0.823745992)
(1.442665533 -0.2497523425 0.8858332014)
(1.234854614 -0.04464514763 0.8534333756)
(0.8301332014 0.01760216524 0.726762738)
(0.9402149133 -0.1511117747 0.571066184)
(0.8061111417 -0.1447536251 0.6613165049)
(1.055283348 -0.1994752468 0.5667879048)
(1.35737803 -0.05522421139 0.8322153089)
(1.807764956 -0.1015008968 0.6015920454)
(1.34138268 -0.1367881322 0.7066872952)
(0.002431119325 -0.01079059862 0.05149466046)
(1.178876707 -0.09116967315 0.5863314255)
(1.227179068 0.1303254369 0.6117895899)
(0.6390950321 -0.02691997135 0.4103643037)
(1.376920754 0.03005715187 0.3032780043)
(0.3805068476 -0.1389529585 0.139926007)
(0.0006318088675 -0.05293256011 0.03800983437)
(0.2606351728 -0.08846859561 0.1972158212)
(0 0 0)
(1.240941079 0.09816889746 0.3723938852)
(1.089390775 0.09592215924 0.4450317805)
(0.6318035744 -0.08546313415 0.5117395503)
(0.2451488743 0.02798972339 0.252445909)
(1.355080371 0.2619707213 0.7362337184)
(1.618351119 0.004158876533 0.8558197718)
(1.753764041 0.05972695149 1.016191802)
(2.012712236 0.1466661603 0.8771773582)
(1.445835862 -0.1044169558 1.044287496)
(1.321486312 -0.09422231431 0.735024194)
(1.814118268 -0.1188411251 1.183002435)
(1.228170505 -0.09403356165 0.7153932157)
(1.509603844 -0.08580557166 0.8730596104)
(2.140093349 -0.2250540325 1.398126756)
(0 0 0)
(1.601027062 0.0426035487 0.9004690031)
(1.836922946 0.0601129537 0.8934448852)
(0.9650286211 -0.1772713537 0.7939322328)
(1.513707989 -0.0713877735 0.8870677848)
(1.41973571 0.006510103084 0.8806001372)
(1.261604504 -0.06286721192 0.8485265566)
(1.163388094 -0.006857523773 0.6937330596)
(1.759354312 -0.3432460718 1.245081532)
(1.414897863 -0.093663854 0.904844069)
(1.50896772 -0.1270436 0.9201975877)
(1.063067109 -0.1533483513 0.6322822083)
(1.488718987 -0.04158829083 0.7538477454)
(1.711410743 -0.3263913469 1.06516966)
(1.106458999 -0.1879483465 0.7884266906)
(1.465697709 -0.04038844807 0.9876896901)
(1.534475812 -0.3365016993 0.7031059004)
(1.614407761 -0.1702728176 0.9013375974)
(1.124985942 -0.2429377459 0.7875179898)
(1.335485009 -0.3735776021 0.6264545055)
(1.50173939 -0.09933487755 0.8370110843)
(1.153625196 -0.3735034542 0.7150238239)
(1.220695947 -0.3168224767 0.7045650027)
(1.136604453 -0.09632443063 0.6544732146)
(1.634581718 0.00495005891 0.6591516306)
(1.599953872 -0.212456176 0.6361708882)
(1.651720513 0.1537605951 0.7668019697)
(0.4465545783 -0.1234997087 0.4143649184)
(1.323392193 -0.1340979624 0.6222693457)
(0.167821295 -0.167765165 0.3116085682)
(1.854759084 0.006666991989 0.9578192887)
(2.510257557 0.00284692077 1.002780945)
(2.111573251 -0.05962494317 0.7981165618)
(1.599748103 0.1986723649 1.002750198)
(1.867865568 -0.1585842338 0.9194104692)
(2.412472536 -0.09880080812 1.021736271)
(1.790712894 -0.05031364009 0.9257130544)
(1.551961822 0.02030006981 0.8995015735)
(1.722925607 -0.1489532578 1.07193794)
(2.091126466 -0.2433780126 1.152198615)
(1.61703806 -0.06633582596 0.9389621233)
(0 0 0)
(2.02667909 -0.0007458630613 0.9789133503)
(2.013250553 -0.1824527434 0.9774560329)
(1.921691721 -0.30035417 1.014340134)
(1.449158899 -0.1896902249 0.8510452673)
(2.022393385 0.2266909333 1.307076593)
(1.211353345 -0.1926995965 0.7194598681)
(1.894071424 -0.2187038365 0.9142026131)
(1.694694619 -0.383682289 0.7673852426)
(1.336005315 -0.08310968186 0.8301188625)
(1.475449586 -0.03596932005 0.7164319976)
(1.879712376 -0.1298172611 0.8757071731)
(1.462539936 -0.2607125748 0.9583199908)
(2.08425728 -0.4886251901 1.153695957)
(1.575212388 -0.1234334899 0.6032347631)
(1.919370361 -0.2878687218 0.9452094103)
(1.663685361 -0.4648546798 0.9567664935)
(1.628264736 -0.0779763015 0.907671877)
(1.628944593 -0.2516652652 0.8701941249)
(0.9441561784 -0.2589115386 0.852494064)
(1.069646839 -0.04966415169 0.4953852075)
(1.17444033 -0.2573218006 0.8331262597)
(1.605837161 0.01493674115 0.6665217153)
(1.593967412 -0.2341248961 0.6548637157)
(1.911592537 -0.01060473956 0.742193458)
(0.9871412585 0.0510956409 0.3027814484)
(1.254136101 0.004117101301 0.5677688978)
(0.1663184755 -0.1027520802 0.1811960312)
(0.03918799161 -0.03738351205 0.02102355426)
(2.020172282 0.06286285937 0.849097002)
(2.37448911 -0.2090109427 1.201104334)
(2.195222049 -0.0184129282 1.094440932)
(0 0 0)
(0 0 0)
(2.082791424 -0.1121686353 1.021355309)
(2.480687819 0.0639130118 1.142360977)
(1.734372591 0.02536058705 0.8800266879)
(2.157622125 -0.163726111 1.202572102)
(2.072243128 -0.007210376909 1.212158675)
(2.186640944 -0.2258270581 1.1777481)
(1.59470637 -0.01834736027 0.8581535827)
(2.197548301 -0.2216765583 1.111250694)
(2.193456151 -0.2735577059 1.237905932)
(1.867826 -0.2685100825 1.075998154)
(1.671247976 -0.1124946563 0.5979243073)
(1.832033219 -0.1637728938 0.8473170028)
(2.162971174 0.00786226121 1.013291779)
(1.568705951 -0.06437694036 0.7234356926)
(1.967341928 -0.2839901765 0.9803614784)
(1.635616455 -0.3174186982 0.8231439871)
(1.895445565 -0.2009344309 0.8409553466)
(1.576548909 -0.1156449601 0.6153087952)
(1.899083528 -0.3925698469 1.07160799)
(1.715439208 -0.2291570779 0.932071569)
(2.272140994 -0.1260568636 1.09336613)
(1.449304048 0.09882807146 0.6761806731)
(1.556208452 -0.3227490148 0.7666973343)
(1.683293265 -0.3462953123 0.8211052879)
(1.672037177 -0.2286184139 0.8631995899)
(1.36425255 -0.02035616901 0.5447285597)
(0.7175027256 -0.3043063376 0.4268571809)
(1.580049715 -0.4114795539 0.7122128986)
(0.1378132937 -0.0958021037 -0.008475198227)
(2.546740028 0.1123594646 1.180999588)
(2.405607169 -0.04428241827 1.009496864)
(1.977735987 0.00700939566 0.9306410669)
(2.120288162 -0.1617898958 1.110748769)
(2.19570591 0.1468511989 0.8009572285)
(0 0 0)
(2.785026921 -0.1224606426 1.167647725)
(2.432393447 -0.1889754583 0.9917859217)
(2.376456196 -0.173148023 1.103001904)
(2.28441596 -0.3473810858 0.9805082196)
(2.020250727 -0.2876526337 0.9342124363)
(2.503775136 0.2646692135 0.6617345653)
(2.993971896 -0.04848868241 1.331227164)
(2.670129262 -0.127206145 1.478146698)
(2.469499384 -0.210728753 1.202511217)
(2.381033673 -0.102480694 1.206436742)
(2.39874448 -0.2341178436 1.472030775)
(2.276253466 -0.2392733468 1.05262985)
(3.01210802 -0.1149579595 0.9886039535)
(1.986624967 -0.281704999 1.085282139)
(1.858982487 -0.09180470763 0.7632191226)
(2.478482225 -0.277137163 1.463979163)
(1.933110761 -0.5030690719 1.082073156)
(2.266994876 -0.3084107795 1.106780888)
(2.251018526 -0.3421733625 0.8412657474)
(1.969985665 -0.4804800641 1.070511499)
(1.756315974 -0.2369774881 1.063462384)
(1.694782548 -0.4393420617 0.9705460899)
(1.173360637 -0.3299624542 0.7554951557)
(1.653011006 -0.2504272968 0.8283976876)
(2.457464784 -0.2306194066 1.073462765)
(1.941231443 -0.3796902567 0.7617166106)
(2.278774838 -0.3188404527 0.9130894903)
(2.169870993 -0.07209205335 0.9746904266)
(1.583776785 -0.2186360669 0.6447161592)
(1.675126565 -0.1580861232 0.8211037977)
(0.49166542 -0.1653901043 0.08706609909)
(0.2518730918 -0.1114999887 0.07187223114)
(2.823891656 0.2411452513 1.237974516)
(2.70127267 -0.1184547781 1.046293361)
(0 0 0)
(2.290628445 0.2352394444 1.097375122)
(2.570168387 -0.2094592924 1.280139219)
(2.034137248 0.009446974751 0.9149375962)
(2.74821398 -0.117687743 0.6930539273)
(2.469126371 -0.1328049847 1.10927734)
(2.528625677 -0.03032632298 1.068193663)
(2.518211784 -0.3607348555 0.953763106)
(2.814915384 -0.180527198 0.9239302332)
(2.809114433 -0.135957617 1.23821342)
(2.213347386 -0.09690569236 1.002480391)
(2.745734715 -0.292565271 1.039531627)
(2.658742772 -0.6007052976 1.1361604)
(3.006562605 -0.5337069083 1.311860924)
(3.356732311 -0.6026053493 1.159601879)
(2.067746565 -0.1577244004 0.6292920546)
(2.374838202 -0.3190582183 0.9738250168)
(1.851940215 -0.2683776741 0.928827734)
(2.540889555 -0.664818567 1.012643437)
(2.333852971 -0.3094077894 1.100619537)
(2.600025323 -0.187701514 1.211669597)
(2.120653382 -0.3628680366 1.339232862)
(2.035195864 -0.4283961579 0.9870771265)
(2.74121348 -0.3955969761 1.074369274)
(2.500139218 -0.5083139484 0.9340789725)
(2.526641413 -0.3461912978 0.9899550949)
(2.232264831 -0.366498994 0.9377564253)
(2.715224606 -0.09365144797 1.022797299)
(1.366913316 -0.3337917227 0.4162358505)
(2.670053317 0.04360658922 1.031590387)
(1.80182324 -0.373777124 0.8488364712)
(1.208398115 -0.3751664572 0.4646438037)
(2.390077766 0.2112970359 0.9474976906)
(2.991487476 -0.3241924441 1.118122132)
(3.23553107 0.2287981639 1.211848241)
(2.593933176 -0.001751424733 0.9027355849)
(3.279132262 -0.3215837344 1.282951384)
(2.806193157 -0.3449318792 1.237322651)
(0 0 0)
(3.14448601 -0.2390154399 1.120257796)
(2.853525287 -0.341859991 1.07168576)
(3.195292588 -0.008343566607 0.9823794753)
(2.186603992 -0.2142699228 0.6768587568)
(3.591940633 -0.1519457594 1.459948989)
(3.257625231 -0.1165926063 0.840037814)
(3.176428909 -0.6232502717 1.650493348)
(2.987443929 -0.3079071797 1.280731975)
(3.136731295 -0.1711530471 1.16926212)
(2.593379091 -0.251685273 1.146648164)
(2.930122267 -0.2729048257 1.16078857)
(2.509202969 -0.3104575244 0.7963926055)
(2.508680149 -0.197885255 0.8990569339)
(2.426985535 -0.1659311596 1.052313308)
(2.37463298 -0.2586600109 0.972789956)
(2.646966083 -0.2070884514 1.224831647)
(2.322138859 -0.4863933348 0.8305655762)
(2.582576682 -0.5740520123 1.166969412)
(2.87483604 -0.2307117998 0.8613898024)
(2.276341073 -0.1924605605 1.259001494)
(1.677360854 -0.2100718056 0.419417785)
(1.948497744 -0.03706125386 0.4327806021)
(3.44817446 -0.09406110972 1.514447705)
(2.473853828 -0.01533932372 0.6840417056)
(2.782515301 -0.07227430886 1.108808181)
(3.641821356 -0.1863703906 1.28122612)
(3.418968368 -0.1530954599 1.130635725)
(3.362953663 -0.1165240691 1.50522738)
(3.053117152 -0.6974561135 1.052476705)
(3.040519152 -0.1056203763 1.192484247)
(3.593320621 -0.1439472082 1.599591495)
(3.170678028 -0.2499896584 0.9942272727)
(2.80129044 -0.2800950036 1.37086956)
(3.016334816 -0.4494148431 0.8272953289)
(3.046014533 -0.1897527102 1.170929071)
(3.58664643 -0.3763640915 1.434457752)
(2.974740196 -0.6544394553 0.9927207044)
(2.83739313 -0.193003022 1.244518517)
(3.107493811 -0.4008769121 1.089205848)
(2.922843982 -0.4516893682 1.35515887)
(3.021171287 -0.556599197 1.205100704)
(3.225239248 -0.5683274189 0.9391361748)
(2.864047301 -0.2389028974 0.7352337143)
(3.437905745 -0.56812286 1.292865216)
(2.52081225 -0.3484040124 1.002580938)
(2.922595975 -0.4060203669 0.9288257782)
(2.686991754 -0.4559736019 0.9280639617)
(2.185373498 -0.2385020686 0.8356622646)
(2.705284945 -0.2643826658 0.8653798373)
(1.878957591 -0.3654092784 0.6312370163)
(2.463938855 -0.06949795035 0.829743634)
(0.4191408973 -0.1998251423 0.07267286621)
(3.70319673 -0.1855463073 1.255318962)
(3.138798521 -0.07812996708 0.9840628143)
(3.535059034 -0.2746356874 1.179113001)
(3.671784239 -0.2165322467 1.320682827)
(3.879042459 -0.08691394516 1.365167691)
(2.845874596 -0.1433930797 0.9873007571)
(3.540963901 -0.0356595438 1.194932583)
(3.776985353 -0.2881908126 0.9976094958)
(3.24151959 -0.05445165396 0.7406589393)
(0 0 0)
(3.093501608 -0.01555052228 0.7675369388)
(3.802290659 -0.5765296576 1.428742762)
(3.619137989 -0.3508316826 1.247998467)
(3.944308389 -0.1788179755 1.760793912)
(3.899059918 -0.1819273432 1.194263894)
(3.002814164 -0.1939920877 1.092492191)
(2.943831819 -0.362093679 0.9816987163)
(4.009198184 -0.3303475175 1.58461905)
(2.891574468 -0.3938844941 1.022320754)
(3.336997947 -0.5788639291 0.8061904036)
(2.872850775 -0.4090598161 1.189039412)
(3.402023156 -0.5864783662 0.8479676652)
(2.657986427 -0.4136704366 0.9588767203)
(3.704125356 -0.2187109931 1.141281964)
(3.231728205 -0.07121707406 1.176198898)
(3.027564965 0.09748402478 1.217167445)
(3.40353906 -0.06740809026 1.307951653)
(2.074541478 -0.2559640367 0.4789268478)
(2.760480927 -0.07037397081 1.171735238)
(3.960033068 0.008929211562 1.232834491)
(3.844536308 -0.00674991381 1.204201442)
(3.832032807 0.121129244 1.192937069)
(3.238668968 -0.3016224978 1.381757995)
(3.787114397 -0.01412583542 1.096960972)
(0 0 0)
(3.525760175 0.2907295061 0.7829013155)
(3.654226772 -0.2618771392 1.306748917)
(3.517416763 -0.3985759574 0.8331865214)
(3.593693639 -0.02269599281 1.251376818)
(3.467995651 -0.3472340833 1.505491867)
(4.171393814 -0.1955110288 1.499226697)
(3.004639586 -0.2687059024 1.299847753)
(4.089243985 -0.3759893864 1.352887647)
(4.030991235 -0.4964278161 1.3157157)
(3.391914274 -0.06356247174 1.073393388)
(3.55642956 -0.5282197129 1.20728294)
(3.055784612 0.1931112561 0.6733015916)
(2.920103193 -0.2591662288 0.8687029656)
(3.350633285 -0.4989707988 1.083409323)
(3.785716432 -0.5991694329 1.106035077)
(3.701553022 -0.830384729 0.8504160702)
(3.400368856 -0.2568615618 1.206329781)
(3.374321161 -0.3981316533 0.7487350135)
(2.348271489 -0.4208537393 0.7932401814)
(3.529027 -0.1358161705 1.168519145)
(3.423562287 -0.3563620412 0.8295730677)
(2.585682967 -0.3081135595 0.3464176278)
(1.451157038 -0.4906441269 0.1346623635)
(3.996849564 -0.2884329827 1.22492437)
(4.877097219 0.02984774326 1.212927096)
(4.55898499 0.5349713028 1.373759607)
(0 0 0)
(3.880647222 -0.2093312213 1.24895952)
(3.982276996 -0.165531895 1.075263958)
(4.253094492 0.3073018002 0.7403553947)
(5.827448059 -0.1835413285 1.482857037)
(4.798574089 -0.2214959172 1.472163726)
(3.884901474 0.3430770314 0.9784216943)
(3.547648218 -0.195396054 0.9621474775)
(4.416747649 -0.4910722923 1.185563908)
(4.334750031 -0.1526230852 1.409626316)
(3.496636763 -0.1339160189 0.8501558409)
(4.416709034 -0.3078870315 0.9212842117)
(3.300681783 -0.1853427402 1.045817336)
(3.074600596 -0.1670160895 0.9462737326)
(3.608847105 -0.4084022257 0.6954603071)
(4.552350395 -0.1199305468 0.9811073428)
(3.022119343 -0.3239303113 0.9427095279)
(4.10967316 -0.3956628073 0.9518720778)
(4.404646822 -0.4613956752 1.11028252)
(3.87311102 -0.4519934714 1.034886919)
(3.073873288 -0.3624395112 0.9797708427)
(3.175901163 -0.1979394296 0.9487921605)
(2.880697797 0.3125388032 1.15960129)
(3.753662779 0.00702130891 1.264300562)
(4.661222396 -0.2763257282 0.7851540602)
(4.009787508 -0.1384449678 1.318798843)
(5.062222648 0.2127676662 1.26004661)
(4.709563237 0.1305519214 1.641623384)
(3.608893457 -0.06892888861 0.9708590097)
(3.706847545 -0.01716009827 1.101218417)
(4.750661988 -0.4688929842 1.024213854)
(2.841903479 -0.170115247 1.130823817)
(4.059129689 -0.4564892891 0.6721864191)
(4.245167179 -0.05510093245 1.400235671)
(3.772535217 -0.2286660633 1.244723193)
(4.369360064 -0.12806796 1.187872373)
(4.535122983 -0.2048608904 0.913459431)
(3.429735119 -0.31684945 0.8119056747)
(4.345807442 -0.5278145553 1.207196837)
(3.083009797 -0.2080602736 0.9130965344)
(4.365123281 -0.2983623714 1.53017529)
(3.799374816 -0.01282955641 0.8387442188)
(4.000061887 -0.5171738676 0.944413989)
(4.439154549 -0.445819241 0.8822237984)
(4.075676846 -0.208310996 1.068466904)
(3.85253862 -0.3276924613 0.6664824949)
(3.563785571 -0.2735503264 1.136883191)
(4.430892731 -0.3213365615 1.393676288)
(3.845404464 0.0129220321 1.140920349)
(3.75398464 -0.5041710722 0.8061066891)
(2.785350279 -0.1512216224 0.7068525278)
(3.02506703 -0.786570559 0.07444695278)
(2.844683421 -0.5279844325 0.1881826496)
(1.46832771 -0.456507268 -0.2795380529)
(4.092552389 0.02322206905 1.13731878)
(4.506259429 -0.3770932109 1.240227005)
(4.086540947 0.1428323565 1.056130349)
(0 0 0)
(4.37181443 -0.2495494624 0.842733865)
(4.962666973 0.1469213993 0.9414917706)
(5.172482449 0.4838136587 1.102152258)
(4.065578079 0.0005198746388 0.4131845312)
(4.321408537 0.08283210591 1.318940188)
(4.448124177 -0.117733122 0.9969032718)
(4.337839551 0.1590374558 1.256716646)
(3.676484258 -0.007622825699 0.8779230852)
(4.777306932 -0.6957497042 1.070182175)
(4.356486578 -0.2291918012 0.9790880724)
(4.480371972 -0.6978307531 0.8224829187)
(4.538302774 0.2308596179 1.043662251)
(4.211109299 -0.3146758891 1.212692044)
(4.591130101 0.1751599593 1.669045679)
(3.538610693 -0.007639650469 1.190308256)
(3.733443622 0.02942993342 1.536112633)
(3.987605225 0.1762616398 1.495337209)
(4.979073733 -0.3474672203 0.9186622228)
(3.862195606 0.004914115474 0.4471572714)
(3.618936005 -0.1755803332 0.1957760856)
(1.602661733 -0.6223288351 -0.2645991399)
(3.264602966 0.02341473434 1.404500455)
(4.257870398 -0.3819117537 1.295581839)
(4.927122195 -0.1317574085 0.9926812301)
(4.660217995 0.02919296704 1.064090617)
(3.710289828 0.3650177742 1.808441868)
(4.537422233 -0.06005001478 1.388630435)
(0 0 0)
(0 0 0)
(3.556982958 0.1924933336 0.8953351958)
(5.385624838 -0.03917897237 1.722492025)
(4.119141188 -0.2967878657 1.074545486)
(4.730582119 -0.06643835627 1.267622627)
(4.262141622 -0.07592028669 1.388801908)
(5.06854394 -0.1002588558 1.276311348)
(4.278976452 -0.5302926912 1.121406175)
(4.205211414 0.2485628713 1.443048311)
(5.60816923 -0.08464639001 0.8604140749)
(4.546298947 -0.07617999741 0.6426861701)
(3.107638421 -0.01713190894 0.676346961)
(4.72582351 -0.4738418112 0.2847223888)
(4.768941309 -0.492467496 -0.02151399386)
(3.189112919 -0.7198463849 -0.7298904406)
(4.795720186 -0.02878730034 1.17739911)
(4.434134361 0.1306632693 0.3015708594)
(4.89748994 -0.1440438912 0.4000587623)
(4.319664718 -0.4295069254 1.082290526)
(4.375133372 -0.1435207009 0.1728405052)
(5.151454303 -0.1033069094 0.4118117445)
(5.412412534 -0.08142599293 0.7177554679)
(4.490216145 -0.3861449115 -0.04685958524)
(6.403499264 -0.5484704365 -0.3495684885)
(6.048093424 0.1848671898 0.6173225978)
(5.984191556 -0.1805422118 -0.3060093118)
(2.896682589 -0.3932298063 -0.1650901913)
(4.808089147 -0.4730943449 0.3570934468)
(3.87601212 -0.0262587838 -0.4113305683)
(3.122647627 -0.375542971 -0.5803017302)
(2.603109251 -0.3308478914 -0.2961542719)
(1.736807821 0.00386750957 -0.2726143898)
(0.8401863211 -0.279115563 -0.4050624848)
(0.075889056 -0.06863460317 -0.05495206522)
(4.068252422 0.1510495859 -0.3697352998)
(3.92673721 -0.3710995929 -0.2995736736)
(3.236580992 -0.4508881884 -0.84179605)
(1.318958117 -0.07027748102 -0.6309313279)
(2.880883705 -0.4203360904 -0.5370260821)
(0.9613126814 -0.1308478375 -0.5874196301)
(0.6288162499 -0.09013905902 -0.225962333)
(0.5341607077 -0.1169476933 -0.2561141902)
(0.5653942481 -0.06354806143 -0.3548062487)
(0.8458158355 -0.09245549517 -0.417164671)
(0.5987782068 -0.06994324068 -0.4613967316)
(0.5974553958 0.01576466137 -0.2744855178)
(0.373094056 -0.04906978368 -0.2480082767)
(0.3031557789 -0.06370150763 -0.2417174047)
(0.6460625178 0.04115579109 -0.3681872289)
(0.5502187795 -0.1028412872 -0.3322830172)
(3.289675898 0.3136255217 1.181416321)
(0.991012844 -0.0899756696 0.6408910343)
(1.005404662 0.01126531876 0.8840678562)
(1.055110182 -0.05308870021 0.662244835)
(0.4759593544 -0.02313916471 0.4175527958)
(0 0 0)
(0 0 0)
(0.2648772038 -0.07112774021 0.1707953698)
(1.641801559 0.07626638982 0.849384537)
(1.289632388 -0.2396344235 0.7323828169)
(0.8541092799 0.05739635426 0.6340948823)
(1.168346383 -0.03751777803 0.5859206797)
(1.295567835 -0.2003443961 0.8658941439)
(0 0 0)
(1.177682762 -0.02347067653 0.8952676817)
(0 0 0)
(0 0 0)
(0 0 0)
(0 0 0)
(1.554459805 -0.3582336078 1.112821455)
(1.448961877 -0.0627142177 0.6623779161)
(1.252831008 -0.1640742657 0.6743696675)
(1.432607908 -0.1030148416 0.6921549731)
(0 0 0)
(0.8847783156 -0.07517186178 0.4859419136)
(1.401421175 -0.04633694609 0.4638761442)
(2.04413442 0.253650243 0.8908412528)
(2.285571278 0.03183428767 1.100217116)
(2.057742201 -0.06690655624 1.138912941)
(2.106705835 -0.08358678481 1.435500482)
(0 0 0)
(3.079574836 0.3750444239 1.680534976)
(2.142640219 -0.2172673641 0.82399144)
(0 0 0)
(1.469347578 -0.1071587145 0.8239320504)
(0 0 0)
(1.194589235 -0.3065241117 0.6282039047)
(0 0 0)
(0.9383234412 -0.08983154708 0.7096033761)
(1.502955249 -0.09275289507 0.5810788282)
(0.4262995885 -0.1723559748 0.2101100973)
(0.1043886058 -0.09576735038 0.09685902646)
(0.03333883888 -0.05428727649 0.03227192735)
(0 0 0)
(2.12833399 -0.1496142352 1.041105128)
(2.128166658 -0.1003602473 1.019141359)
(0 0 0)
(2.422372621 0.02768071286 0.9732466448)
(0 0 0)
(0 0 0)
(1.91642276 -0.3646653785 0.7836818008)
(0 0 0)
(0 0 0)
(0.004929181668 -0.03875648947 0.008534882968)
(2.068525414 -0.318714985 0.9195219273)
(0.01090762364 -0.03052158618 -0.01709989488)
(2.291272402 0.118506028 1.150570329)
(2.694218582 -0.009199055224 1.267762917)
(1.971342436 -0.144973151 0.8002808877)
(2.73887236 -0.3979796251 1.221007483)
(0 0 0)
(0 0 0)
(2.397659708 -0.2054244213 1.039954004)
(0 0 0)
(2.269798132 -0.3428483454 1.023578287)
(0 0 0)
(0 0 0)
(0 0 0)
(-0.0006159959248 -0.01483071747 -0.0109948051)
(2.444849417 0.1180444275 1.122717589)
(3.189291855 -0.2886152002 1.437076862)
(0 0 0)
(0 0 0)
(3.104016937 -0.2637326872 1.449045112)
(2.467877419 -0.1297238996 1.0998459)
(3.424385424 -0.4722252893 1.127697813)
(2.64596117 -0.2945566059 1.295451309)
(0 0 0)
(2.233809992 -0.4387116572 1.258772512)
(0 0 0)
(0 0 0)
(0 0 0)
(0 0 0)
(2.79028186 0.1803269119 1.092080055)
(0 0 0)
(2.937146537 -0.1045461382 0.9449646324)
(0 0 0)
(3.635066558 -0.1673792935 1.379046453)
(2.460664686 0.05392994049 1.130561147)
(0 0 0)
(0 0 0)
(0 0 0)
(2.551064835 0.1607837748 1.093229234)
(2.800883375 -0.03916718712 1.103513603)
(0 0 0)
(0 0 0)
(0 0 0)
(0.304021255 -0.200049943 0.1159096486)
(0.06730543298 -0.04408346962 -0.03757790592)
(0 0 0)
(0 0 0)
(0 0 0)
(3.482472122 -0.1996286215 0.9713880368)
(3.011327912 -0.169287962 0.9143978269)
(3.429986742 -0.05257013894 1.053901868)
(2.622033573 -0.4229344318 0.9019760195)
(2.617289643 -0.1116444628 1.111839973)
(0.2155132963 -0.1811673253 0.07365333115)
(0 0 0)
(3.988832857 -0.1339548882 1.62964719)
(0 0 0)
(3.923826348 -0.2993168475 1.242340249)
(3.320412276 -0.4116211194 1.236100025)
(2.944128354 -0.3322725296 0.8521893094)
(2.918124683 -0.380529539 0.7772157223)
(2.454047349 -0.648734642 0.1044464605)
(0.01367025863 -0.00908955825 -0.02067041884)
(4.317625665 -0.1269559525 1.41407556)
(4.131556326 -0.09947069235 1.147498596)
(3.462937771 -0.4231451755 0.5183808149)
(3.7448769 -0.1663159752 0.959763493)
(4.301289064 0.01369061496 0.7162937435)
(0 0 0)
(3.10797984 -0.6941526114 0.681840661)
(4.042807228 -0.3405490956 1.070179199)
(0.7320430823 -0.1271695442 -0.08285701518)
(0.07469601658 -0.07638110598 -0.02241717963)
(0.04983204902 -0.05908693356 -0.04668315999)
(0 0 0)
(0 0 0)
(0 0 0)
(0 0 0)
(0 0 0)
(3.677466307 -0.08939017802 1.068607297)
(0 0 0)
(0 0 0)
(3.945250038 0.1476870512 1.312813187)
(0.04770412373 -0.02368589776 -0.02804610285)
(0.0291065282 -0.0323657709 0.00135406809)
(0.05767289127 -0.113966429 -0.06782275691)
(0.05817077047 -0.04696990933 -0.02126008282)
(3.650361007 -0.03091128576 1.331801593)
(0 0 0)
(0 0 0)
(4.618687012 0.1048197573 1.250828933)
(4.071634354 0.003447562925 1.250265547)
(3.829657191 -0.3700615721 1.169835448)
(0 0 0)
(0.02215746055 -0.04885995326 0.005700099668)
(3.617835603 -0.0269204571 1.161674373)
(3.785332254 0.08342970005 1.483690913)
(0 0 0)
(0.156160353 -0.1584083446 0.009474848254)
(0.1660984668 -0.1120798785 -0.08342272232)
(0.6067857481 -0.2661263097 -0.2619112258)
(0.1260940173 -0.114026459 -0.1205210684)
(0.02389569735 -0.0289073239 -0.04260423308)
(0 0 0)
(0 0 0)
(0 0 0)
(0 0 0)
(0 0 0)
(-0.004287694665 -0.01495214666 -0.01434112657)
(3.913439961 -0.0673312048 1.201503461)
(0 0 0)
(0 0 0)
(4.158377308 -0.1909226504 0.1381234767)
(0.001052986381 -0.0559092803 0.00261237952)
(0.06859596909 -0.05156813009 -0.04285593046)
(1.149235242 -0.4001884597 -0.2266415294)
(0.420284451 -0.3384802804 -0.3059028329)
(0.1279390857 -0.06658332034 -0.06878940155)
(0.3308791283 -0.08367574486 -0.1588853937)
(5.218766405 0.6096862007 1.173677124)
(6.323438103 -0.177251272 1.829103078)
(4.380728893 0.07549951772 0.9476071977)
(5.192888336 0.03663601909 0.6876064717)
(0 0 0)
(0 0 0)
(0.5891750104 -0.2284183506 -0.3166264611)
(0 0 0)
(0 0 0)
(3.997161396 0.03713282242 -0.2361170774)
(2.460003628 0.05603583864 -0.6025425727)
(3.336374811 -0.479464219 -0.5421224177)
(1.866371672 0.08557444918 -0.6376751795)
(3.300489351 -0.3163910533 -0.5057917062)
(2.314565504 -0.3285702522 -0.4239984787)
(1.129948683 0.09639136094 -0.7195288811)
(1.172922723 -0.274393511 -0.6239546598)
(0.5163348872 0.01539864343 -0.2475942961)
(0.4738751611 -0.07445218379 -0.1951489533)
(0.5602144497 -0.116677851 -0.5636745323)
(0.6272528129 -0.02286217002 -0.2734163059)
(0.6282956799 0.01043421163 -0.2697922263)
(0.5234616221 -0.1110623719 -0.3529148239)
(0.2602091107 0.03042066762 -0.1639379544)
(0.2430216329 -0.02708925998 -0.1145019071)
(0.2747863215 -0.2082771765 -0.07354045473)
(0.03361126231 -0.07143524894 -0.1159218971)
(0.06640634786 -0.06116084987 -0.045730956)
(0.6731585267 -0.07483423002 -0.4579188292)
(0.6241494053 0.03034034931 -0.3599926984)
(0.8302788107 -0.03891545473 -0.4942062455)
(0.7481813109 -0.1385387964 -0.6089855006)
(0.7958581611 0.0735192744 -0.598473206)
(0.786560156 -0.108082001 -0.5504513104)
(0.2550343832 -0.03780609231 -0.2230643495)
(0.4726784723 -0.02184017098 -0.2562647534)
(0.7599166263 -0.1049061023 -0.3596560197)
(0.7674128388 -0.1142314742 -0.3498771473)
(0.4862399037 -0.1242654249 -0.2855243914)
(0.233717447 -0.02255623677 -0.1909892308)
(0.7065211272 -0.1107600526 -0.4604695667)
(0.5736761764 -0.2453901479 -0.2733739929)
(0.5650433917 -0.1485452718 -0.1530239819)
(0.03208634758 -0.000262388044 -0.04664780432)
(0.2242231438 -0.09752969824 -0.1700500768)
(0.07991232167 -0.03112515111 -0.03050897522)
(0.07719302892 -0.03189554351 -0.04373794255)
(0.03392100538 -0.0829361814 -0.02481688474)
(0.399003349 -0.06675530032 -0.243889347)
(0.5592389708 -0.0107052318 -0.3015922443)
(0.1959275762 0.00726440223 -0.08690263853)
(0.4519314337 -0.04998097745 -0.2862742693)
(0.4075173723 0.01979514588 -0.2923427242)
(0.415421831 -0.1185128743 -0.1404505795)
(0.2014804422 -0.1061793068 -0.1496448237)
(0.2255017124 -0.1662593353 -0.08709286541)
(0.4257982517 -0.09498685434 -0.1733331279)
(0.1534172698 -0.1079305205 -0.1110393627)
(0.07994485929 -0.06763660208 -0.04066016154)
(0.760178243 -0.09878902858 -0.3112637593)
(0.0915171017 0.03810814493 -0.08025718634)
(0.6496102266 -0.07033015623 -0.2971919427)
(0.3880315374 0.07198803579 -0.2372985203)
(0.6942941307 -0.03649430161 -0.304302241)
(0.04228162227 -0.03648032086 0.03747439407)
(0.02803602306 -0.03480172401 0.04902702454)
(0.1428299275 -0.05203850143 0.137753025)
(0 0 0)
(0 0 0)
(0 0 0)
(0 0 0)
(0 0 0)
(0 0 0)
(0 0 0)
(0 0 0)
(0 0 0)
(1.25053667 0.02981700886 0.7722211438)
(0 0 0)
(0 0 0)
(0 0 0)
(0 0 0)
(0.9540872878 -0.07766347851 0.4235715087)
(0.1575658568 -0.1111174778 0.1116264979)
(0 0 0)
(0.02268952105 -0.03351631046 0.06434943597)
(1.71523536 0.136278989 1.190736243)
(0 0 0)
(0 0 0)
(0 0 0)
(0 0 0)
(0 0 0)
(0 0 0)
(0 0 0)
(0 0 0)
(1.84413427 -0.1890599055 1.137407667)
(0 0 0)
(0 0 0)
(0 0 0)
(1.526442545 -0.1134411987 0.8803028529)
(0 0 0)
(0 0 0)
(0 0 0)
(1.345247071 -0.1567816353 0.8847992644)
(0 0 0)
(0 0 0)
(0 0 0)
(0.6245793382 -0.1068651151 0.2985296445)
(-0.0008763617442 -0.01936611051 0.02332929298)
(0 0 0)
(0 0 0)
(0 0 0)
(0.1135033604 -0.06034945039 0.1576801427)
(0.03864218217 -0.02340459483 0.0217388935)
(0.2863983729 -0.2414943696 0.1910525373)
(0 0 0)
(0 0 0)
(0 0 0)
(0 0 0)
(0 0 0)
(0 0 0)
(0 0 0)
(0 0 0)
(0 0 0)
(0 0 0)
(0 0 0)
(0 0 0)
(0 0 0)
(0 0 0)
(0 0 0)
(1.451011514 -0.1908041893 0.6674031082)
(0 0 0)
(0 0 0)
(0 0 0)
(0 0 0)
(0 0 0)
(0 0 0)
(0 0 0)
(0 0 0)
(0 0 0)
(0 0 0)
(0.2012587786 -0.1919533992 0.1096798059)
(0.03522704801 -0.1038390729 0.04964974742)
(0 0 0)
(0.002728186332 -0.02243975424 0.01018185225)
(0 0 0)
(0 0 0)
(0 0 0)
(0 0 0)
(0 0 0)
(2.631138683 -0.07873332709 1.299183243)
(0 0 0)
(0 0 0)
(0 0 0)
(0 0 0)
(0 0 0)
(0 0 0)
(1.993781035 -0.2099887349 0.9885706174)
(0 0 0)
(0 0 0)
(0 0 0)
(0 0 0)
(0 0 0)
(0 0 0)
(0 0 0)
(0 0 0)
(0 0 0)
(0 0 0)
(0 0 0)
(-0.02902566918 -0.03478530805 0.01852471193)
(0 0 0)
(0.02427077617 -0.04578912978 0.01160417206)
(0 0 0)
(0 0 0)
(0.3167837134 -0.1860668191 0.1482465015)
(0.09832204311 -0.06434043814 0.03428829183)
(0 0 0)
(0 0 0)
(0 0 0)
(0 0 0)
(0 0 0)
(0 0 0)
(0 0 0)
(0 0 0)
(0 0 0)
(-0.0152703276 -0.01673850104 0.03791332285)
(0 0 0)
(0 0 0)
(0 0 0)
(0 0 0)
(0 0 0)
(1.959614318 -0.2052768874 1.036564679)
(2.654437069 -0.4423403246 0.9989649117)
(2.772107794 -0.4918773678 1.21907236)
(0.02048025983 -0.09419054327 0.005945643558)
(0 0 0)
(0 0 0)
(0 0 0)
(0 0 0)
(0 0 0)
(0 0 0)
(0 0 0)
(0 0 0)
(0.01369597893 -0.02883043874 -0.003700735002)
(0 0 0)
(-0.01182173 -0.004749980475 -0.00114824442)
(0 0 0)
(0.01902838931 -0.03574098222 0.0008833459148)
(1.17147944 -0.141051546 0.5445238878)
(0 0 0)
(0 0 0)
(0.1592811363 -0.1898783504 0.03998350829)
(0.1409747665 -0.1257214939 0.06814387764)
(0.01245062987 -0.02279767915 -0.009297980249)
(0.02082733515 -0.1170855296 0.03132343811)
(0 0 0)
(0 0 0)
(0 0 0)
(0 0 0)
(0 0 0)
(0 0 0)
(0 0 0)
(0 0 0)
(0 0 0)
(0 0 0)
(0 0 0)
(0 0 0)
(0 0 0)
(2.535279368 -0.5201850626 1.035905897)
(2.760403453 -0.1162112403 1.235389585)
(0 0 0)
(0 0 0)
(0 0 0)
(0 0 0)
(0 0 0)
(0 0 0)
(0 0 0)
(0 0 0)
(0 0 0)
(0 0 0)
(0 0 0)
(0 0 0)
(0 0 0)
(0 0 0)
(0 0 0)
(0 0 0)
(1.102342552 -0.3634981078 0.3357745781)
(0.1419479361 -0.1098687133 0.1293412364)
(0.1607910594 -0.08524029547 -0.02713530043)
(0.08579740615 -0.1065811781 0.04226590888)
(0.03281814158 -0.02668792632 0.0005856895476)
(0 0 0)
(0.02600216141 -0.07751369789 0.03062138044)
(0 0 0)
(0 0 0)
(0 0 0)
(0 0 0)
(0 0 0)
(0 0 0)
(0 0 0)
(0 0 0)
(0 0 0)
(0 0 0)
(3.284958681 -0.3356909262 1.219183923)
(0 0 0)
(0 0 0)
(0 0 0)
(0 0 0)
(0 0 0)
(0 0 0)
(0 0 0)
(0 0 0)
(-0.0004859698764 -0.01954247466 0.007036589484)
(0 0 0)
(0 0 0)
(0 0 0)
(0 0 0)
(0 0 0)
(0 0 0)
(2.029239563 -0.6249764555 0.9320467308)
(2.550744144 -0.2802152741 0.9930443144)
(1.787616521 -0.2039344179 0.7983526776)
(2.5808607 -0.5665702952 1.057789035)
(0.01291475186 -0.04495215955 -0.01661858568)
(0 0 0)
(0 0 0)
(0 0 0)
(0 0 0)
(0.02906870156 -0.06229023671 0.008270171544)
(0 0 0)
(0 0 0)
(1.813293534 -0.08825476383 1.206666141)
(1.353039372 -0.3532984903 0.314754812)
(0.6580496189 -0.3379668655 0.1785115034)
(0.6249756524 -0.2404435798 0.1389704431)
(0.1391658054 -0.1299750927 -0.06421599756)
(0.03323712649 -0.02641198923 -0.02351375608)
(0.06599463767 -0.06566405315 0.04818370047)
(0 0 0)
(0 0 0)
(0 0 0)
(0 0 0)
(0.01077810411 -0.02144694171 -0.002599211557)
(0 0 0)
(0 0 0)
(0 0 0)
(2.80108746 -0.2369335038 1.112362204)
(0 0 0)
(0 0 0)
(0 0 0)
(0 0 0)
(0 0 0)
(0 0 0)
(0 0 0)
(0 0 0)
(0 0 0)
(0 0 0)
(0 0 0)
(0 0 0)
(0 0 0)
(0 0 0)
(0 0 0)
(0 0 0)
(2.282792501 -0.3245714745 0.7879710569)
(0 0 0)
(-0.0002384430479 -0.01044013363 0.003426090623)
(3.060141087 -0.3676548469 0.8312900407)
(2.673545877 -0.4973765598 1.225699477)
(0 0 0)
(0 0 0)
(0 0 0)
(0 0 0)
(0.04068423713 -0.06444157516 -0.02553080166)
(0 0 0)
(0 0 0)
(0 0 0)
(0.0844607169 -0.09563736061 -0.04287999904)
(0 0 0)
(0 0 0)
(0 0 0)
(2.14969185 -0.5262331251 0.5176697156)
(0.9841688561 -0.3026787224 0.2014639641)
(0.07373183401 -0.116973476 -0.01041772988)
(0 0 0)
(0 0 0)
(0 0 0)
(0.2156514507 -0.137348401 -0.04799484443)
(0 0 0)
(0 0 0)
(0 0 0)
(0 0 0)
(0 0 0)
(0 0 0)
(0 0 0)
(0 0 0)
(0 0 0)
(4.052431646 -0.3426652433 1.477949537)
(0 0 0)
(0 0 0)
(0 0 0)
(0 0 0)
(0 0 0)
(0 0 0)
(0 0 0)
(0 0 0)
(0 0 0)
(0.0006747126147 -0.02032967604 -0.008633488427)
(0 0 0)
(0 0 0)
(0 0 0)
(2.705421252 -0.5538366171 1.037753139)
(3.097535001 -0.6032144945 1.088072841)
(0 0 0)
(0 0 0)
(0 0 0)
(2.534940189 -0.3958735594 1.178389802)
(0 0 0)
(0 0 0)
(0 0 0)
(0 0 0)
(0 0 0)
(3.129021465 -0.1561308054 1.204596393)
(0.02898678685 -0.03581888774 -0.008982143315)
(0 0 0)
(0 0 0)
(0 0 0)
(0 0 0)
(1.829671477 -0.3832594342 0.3677949476)
(0.7129829547 -0.302687227 0.2150023591)
(1.379024578 -0.5438995397 0.1182897986)
(0.5641715656 -0.2597723113 -0.06719006368)
(0.1107686659 -0.1115260148 -0.002779710205)
(0.1023057682 -0.1133563433 -0.01630546417)
(0.02623517536 -0.0258329855 -0.005127171356)
(0 0 0)
(0 0 0)
(0 0 0)
(0 0 0)
(0 0 0)
(0.02382863461 -0.04812300789 -0.02448140594)
(0 0 0)
(0 0 0)
(0 0 0)
(0 0 0)
(0 0 0)
(0 0 0)
(0 0 0)
(0 0 0)
(0 0 0)
(0 0 0)
(0 0 0)
(0 0 0)
(0 0 0)
(0 0 0)
(0 0 0)
(0 0 0)
(0 0 0)
(0 0 0)
(3.352870713 -0.2227095589 1.157515434)
(0 0 0)
(0 0 0)
(0 0 0)
(0.01070552539 -0.03424317736 -0.00248685324)
(0 0 0)
(0 0 0)
(0 0 0)
(0 0 0)
(0 0 0)
(3.318312005 0.0396558607 1.305186224)
(0.02098916438 -0.04372315084 -0.04623872106)
(0.02563191105 -0.03388028291 -0.04657007146)
(0.03712611359 -0.05943185367 -0.005775825656)
(0 0 0)
(0.007461536498 -0.0178212684 0.001155209158)
(0 0 0)
(0.02072179083 -0.03005242971 0.009501361866)
(0 0 0)
(0.01021063375 -0.02007572762 0.01024285101)
(-0.003222523408 -0.0431903326 -0.008197742603)
(0.04276218209 -0.03739020924 -0.04571582118)
(0 0 0)
(0.1415517243 -0.1254399558 -0.01802502884)
(4.041237796 -0.8526237061 0.4027424245)
(0.8610102066 -0.3590002009 -0.08321709222)
(0.2590998056 -0.179683677 -0.05175650297)
(0.2006725181 -0.1273462928 -0.0706824179)
(0.03891901076 -0.06161019056 0.01237647523)
(0.1513650839 -0.1038326319 0.01730079259)
(0.1681414851 -0.09013620709 -0.04945280087)
(0 0 0)
(0.1288280426 -0.1764472464 -0.105586287)
(0 0 0)
(0.02671022853 -0.02329489287 -0.01512417439)
(0.03705710805 -0.0423379834 -0.01412401855)
(0.02894107105 -0.0299381809 -0.01284731636)
(0.0580937254 -0.07113191613 -0.03919597755)
(0 0 0)
(0 0 0)
(0 0 0)
(0 0 0)
(0 0 0)
(0 0 0)
(0 0 0)
(0 0 0)
(0 0 0)
(0 0 0)
(0 0 0)
(3.72316325 -0.3566102225 0.8155425496)
(0 0 0)
(0 0 0)
(0 0 0)
(3.858942606 -0.3647217167 0.907008524)
(0 0 0)
(0.008610853342 -0.01906725072 0.02301594778)
(0 0 0)
(0 0 0)
(0 0 0)
(0 0 0)
(0 0 0)
(0 0 0)
(0 0 0)
(0 0 0)
(0 0 0)
(0 0 0)
(0 0 0)
(3.9873846 -0.1262971234 1.374443064)
(0.04659667561 -0.06178052131 -0.03135143327)
(-0.01283172852 -0.0446149241 0.003176290265)
(0.007790854353 -0.0322154243 0.0007352318367)
(0.1025382648 -0.04272437151 -0.02497714091)
(0.01573655547 -0.03329371499 -0.004131470501)
(0 0 0)
(0 0 0)
(0 0 0)
(3.343641806 -0.6683018531 0.4502041095)
(2.663056127 -0.5117125149 0.1304059083)
(0.05436532242 -0.03331697981 -0.02087808415)
(0.1080134794 -0.03579457945 -0.07871661689)
(0 0 0)
(0.1234975047 -0.1118107967 -0.02484088599)
(0.01492072547 -0.04044533841 0.007447458286)
(0.05782528213 -0.04937632277 0.01314181036)
(0.04839362953 -0.03517961697 -0.01872381274)
(0.06639482335 -0.03135908877 -0.06010442172)
(0 0 0)
(0.01891332698 -0.01681230294 -0.01037454266)
(0 0 0)
(2.096504046 -0.7335066735 0.1179192525)
(1.371207038 -0.6636192579 0.08220155765)
(0.3264765228 -0.1393408434 -0.110989842)
(0.4273153934 -0.2087758033 -0.1404390067)
(0.03839214692 -0.04479363184 -0.0542087979)
(0.03377605269 -0.06660211944 -0.04071640043)
(0.04452787367 -0.03724621842 -0.01275611937)
(0.05325596956 -0.03388720556 -0.04242642988)
(0 0 0)
(0 0 0)
(0 0 0)
(0 0 0)
(0 0 0)
(0 0 0)
(0 0 0)
(0 0 0)
(0 0 0)
(0 0 0)
(0 0 0)
(0 0 0)
(0 0 0)
(0 0 0)
(0 0 0)
(0 0 0)
(0 0 0)
(0 0 0)
(0 0 0)
(0 0 0)
(0 0 0)
(0 0 0)
(0 0 0)
(0 0 0)
(0 0 0)
(0.03115812984 -0.0319039575 -0.02277324553)
(0.01394717989 -0.01808819845 -0.008420283036)
(0.03042674406 -0.03054543899 -0.01082850506)
(0.01905901472 -0.05943642419 -0.01870078786)
(4.265349098 -0.7942973998 0.6328580743)
(3.2237056 -0.5675236968 -0.03529388705)
(0.03485602166 0.001100471215 -0.069242646)
(0.02374202557 -0.0602868741 -0.002136708442)
(0.004538075832 -0.03757944849 -0.01076200281)
(0.09286436742 -0.1022669213 -0.05722072127)
(0 0 0)
(0.0446080185 -0.05165714999 -0.04798700173)
(0.01398923281 -0.0225364774 -0.02380149079)
(0.06082681198 -0.0467907721 -0.02950324159)
(0 0 0)
(0.02387232029 -0.02684774106 0.004170773318)
(1.021391955 -0.4356553994 -0.005523977194)
(0.6091434752 -0.3222546877 -0.16319203)
(0.09234635327 -0.09349997473 -0.08864065739)
(0.1255203368 -0.03388749726 -0.1228380515)
(0.1105268005 -0.08765981129 -0.06273160018)
(0.1088551437 -0.02426653848 -0.08240913652)
(0.06337620962 -0.02531618762 -0.06704121923)
(0.1826530582 -0.1147034427 -0.08022164027)
(0.1569093535 -0.06238459276 -0.07746388705)
(0.01744600775 -0.07789123939 -0.009457293323)
(0 0 0)
(0 0 0)
(0 0 0)
(0 0 0)
(0 0 0)
(0 0 0)
(0 0 0)
(0 0 0)
(0 0 0)
(0 0 0)
(0 0 0)
(0 0 0)
(0 0 0)
(0 0 0)
(0 0 0)
(3.964052872 -0.302694408 1.931528497)
(0 0 0)
(0 0 0)
(0.008760093148 -0.0302833147 0.001432789901)
(0 0 0)
(0 0 0)
(0.006233719538 -0.007301272726 -0.0211715586)
(0 0 0)
(0.06613955212 -0.1092953942 -0.01374862331)
(0 0 0)
(0 0 0)
(0.02580670532 -0.03589258283 -0.0242118055)
(0 0 0)
(4.154848002 -0.3413632226 0.2270139112)
(2.548249205 -0.6288021999 -0.308871544)
(0.05216297251 -0.08325114295 -0.03077752947)
(0.1105844311 -0.1026569531 -0.03983552985)
(0 0 0)
(0.04234571342 -0.03405855576 -0.03248741099)
(0 0 0)
(0.0173690518 -0.02291104243 -0.0160981627)
(0.04304104758 -0.05249210017 -0.04073931474)
(0.04398671431 -0.03889322901 -0.01986082072)
(0.02214091457 -0.01622382643 -0.010956236)
(1.147537923 -0.3677239655 -0.2189200289)
(0.508096938 -0.1700500912 -0.2586518841)
(0.374883527 -0.1717312404 -0.2206395094)
(0.5322431777 -0.1184173851 -0.2603834295)
(0.1114141575 -0.08602990829 -0.04640292037)
(0.1386591664 -0.08323211281 -0.04853736947)
(0.1527866824 -0.1087324362 -0.1000536469)
(0.1550801245 -0.05513985239 -0.1471313682)
(0.257886811 -0.1032486202 -0.1381621185)
(0.3606134399 -0.121948248 -0.1449179549)
(0.03896105151 -0.1053183935 -0.06477397352)
(0.204231277 -0.1044451549 -0.09776787054)
(0.1083878324 -0.0904503913 -0.08293644535)
(0.2625501825 -0.1150747106 -0.1128790637)
(0.005696015867 -0.03216736894 -0.0249745592)
(0.0496128884 -0.0006908024692 -0.0473138594)
(0.2151709825 -0.0722289505 -0.07767911416)
(0.04032259091 -0.02133931617 -0.02311638396)
(0.06831164541 -0.06789866488 -0.03043326038)
(0.2035905926 -0.1666971222 -0.1035159476)
(0 0 0)
(0.06640359741 -0.05334843514 -0.07844362334)
(0.4851682255 -0.08173699553 -0.4161051828)
(0.2307225689 -0.03584864247 -0.1529848482)
(0.1192945923 -0.03444268413 -0.110539706)
(0 0 0)
(0 0 0)
(0 0 0)
(0 0 0)
(0 0 0)
(0 0 0)
(0 0 0)
(0 0 0)
(0 0 0)
(4.214680003 0.1396423201 1.656704954)
(0 0 0)
(0 0 0)
(0 0 0)
(0 0 0)
(0 0 0)
(0 0 0)
(4.208803271 -0.2192597357 0.5346221909)
(3.916652674 -0.6184950089 -0.3584650147)
(0.01580408409 -0.002443169221 -0.02879930579)
(0 0 0)
(0.01110088974 -0.01346121095 -0.02151578248)
(0 0 0)
(0 0 0)
(0 0 0)
(1.79183498 -0.5722284232 -0.2779454666)
(1.502377343 -0.1891074462 -0.3113455089)
(0.4893346747 -0.159514158 -0.2336371556)
(0.08190432745 -0.06681078951 -0.02425003507)
(0 0 0)
(0.1119764393 -0.09778993631 -0.08562808032)
(0.07366327153 -0.03842417596 -0.0596709435)
(0.02624685508 -0.01632223536 -0.03709503407)
(0 0 0)
(2.473595773 -0.6522701154 -0.1419062156)
(1.144156554 -0.4383774168 -0.2766056932)
(0.2576580819 -0.1104146125 -0.1528889241)
(0.5882884758 -0.1628895161 -0.2843144176)
(0.4631697278 -0.2332522012 -0.323669263)
(0.2397384746 -0.232334407 -0.1041111822)
(0.3020148199 -0.1362734447 -0.2261667912)
(0.2348340925 -0.145478886 -0.1291707218)
(0.1266407556 -0.1473902277 -0.09351115145)
(0.2825665098 -0.09849274272 -0.1270952921)
(0.1774981962 -0.09994280193 -0.0677792431)
(0.2503237221 -0.08693846715 -0.1864895028)
(0.1409870421 -0.07945571514 -0.06903760361)
(0.1489596302 -0.09014998113 -0.05679699324)
(0.08297210706 -0.05919512016 -0.08131643489)
(0.1045110401 -0.07535167861 -0.07206909683)
(0.1151568095 -0.0445078939 -0.1290881994)
(0 0 0)
(0.05071401806 -0.04919479827 -0.0504346208)
(0.09689893542 -0.05086520796 -0.04002736909)
(0.03250673452 -0.04110875872 -0.07875280972)
(0.06714184585 -0.03842277253 -0.07396851919)
(0.03909878162 -0.04940880876 -0.01967729589)
(0.1091767094 -0.07929651314 -0.02052831349)
(0.06707972974 -0.06104844927 -0.006945593803)
(0.202287228 -0.09860118183 -0.09884862972)
(0.369270348 -0.1411406789 -0.214180894)
(0.2799229838 -0.05327749259 -0.1565709737)
(0 0 0)
(0 0 0)
(0 0 0)
(0 0 0)
(0 0 0)
(0 0 0)
(0 0 0)
(0 0 0)
(0 0 0)
(0 0 0)
(0 0 0)
(0 0 0)
(0 0 0)
(-0.0002200735979 -0.02324304079 0.01359765411)
(0 0 0)
(2.087941197 -0.3358367128 -0.4763115704)
(0.8731806385 -0.1587446909 -0.6140335313)
(0 0 0)
(-0.01681453101 -0.02782139824 -0.01191434402)
(0 0 0)
(0.02242799655 -0.02273643347 -0.01288555197)
(0 0 0)
(2.43419728 -0.4769900599 -0.7535757059)
(0.6184578685 -0.1161310132 -0.3595302483)
(0.3052696074 -0.2448623893 -0.2822847091)
(0.7331914943 -0.1877913859 -0.3515749571)
(0.8617375394 -0.2326528129 -0.4131072097)
(0.5598175231 -0.1530824931 -0.3199581247)
(0.6404112408 -0.1162641361 -0.3418482027)
(0.8678307608 -0.1006735387 -0.3897043634)
(0.5729785522 -0.1647124894 -0.2539556031)
(0.4818963976 -0.114317857 -0.2119357045)
(0.4064837907 -0.2376461498 -0.2360242209)
(0.01580858136 -0.01830763016 -0.02474945951)
(0.06516586018 -0.07712952463 -0.03723821613)
(0.07366823828 -0.06627157508 0.001686525822)
(0.06944963818 -0.03825925248 0.001471782525)
(0 0 0)
(0.04590240936 -0.02913015424 -0.024713439)
(0 0 0)
(0 0 0)
(0 0 0)
(0.06397405578 -0.05336537257 -0.001225741847)
(0 0 0)
(0 0 0)
(1.015322997 -0.2526243082 -0.2808999407)
(0.2631117462 -0.246673705 -0.2651034619)
(0.5168104747 -0.1306768227 -0.216959304)
(0.2104241979 -0.08189472516 -0.2602938592)
(0.9441133795 -0.06460041834 -0.3458207356)
(0.2815256172 -0.1211887506 -0.2356546033)
(0.4717989522 -0.1839011309 -0.2282789667)
(0.2017808732 -0.1332872892 -0.1695889111)
(0.4652999051 -0.2696625594 -0.2206599273)
(0.1235785774 -0.09590736293 -0.09950684732)
(0.4940817568 -0.1569145438 -0.1804730218)
(0.3096517898 -0.07812894229 -0.08763818962)
(0.2757653913 -0.04654481478 -0.04914819978)
(0.3287352685 -0.1222854843 -0.208180702)
(0.1155029922 -0.1161306133 -0.08998653668)
(0.09402825521 -0.08822558774 -0.06176639694)
(0.01320556677 -0.01440732212 -0.03168913539)
(0.03627165827 -0.0779207422 -0.06294000951)
(0.08685907304 -0.02491211693 -0.07537090431)
(0.298879262 -0.151097369 -0.08771578154)
(0.3717970136 -0.1153023693 -0.1787982764)
(0.1456378939 -0.1246116122 -0.07132680218)
(0.08609394378 -0.04982130206 -0.05260388776)
(0.1602251001 -0.05613920779 -0.1126946863)
(0.1224627071 -0.09372966688 -0.05123288472)
(0.07293025717 -0.06295114949 -0.03338609922)
(0.1112603479 -0.049050024 -0.03093325719)
(0.09894778113 -0.03634016227 -0.05814522469)
(0.1405909218 -0.1063536112 -0.04379756855)
(2.124954689 -0.08654212083 -0.5677676606)
(0.9009227155 -0.07484870465 -0.4260690906)
(0.5938877404 0.04864521179 -0.3163022987)
(0.9584690638 0.155233963 -0.6566987129)
(1.483373935 -0.04114423739 -0.8398748678)
(0.6624383824 -0.01987148742 -0.3674157583)
(0.7283575142 -0.1057813928 -0.5367313689)
(0 0 0)
(0 0 0)
(0 0 0)
(2.233144561 -0.2447096958 -0.641465238)
(0.798212031 -0.02358408907 -0.4056288423)
(0.7644549266 0.07968782678 -0.427850118)
(0.8702821589 -0.4006904164 -0.3607742195)
(0.6569679817 -0.1449522328 -0.5325611592)
(0.5959580061 0.03156591975 -0.2705612726)
(0.8959794097 -0.0141345966 -0.5303784783)
(0.6833226336 -0.08557113082 -0.3938071894)
(0.006590788916 -0.002619243433 -0.02254443671)
(0 0 0)
(0 0 0)
(1.153263442 -0.150743729 -0.2944627986)
(0.9602394409 -0.2051144269 -0.4652241689)
(0.6849294522 -0.1406503556 -0.4327100459)
(0.4573347481 -0.1496413331 -0.2306462818)
(0.8164675115 -0.04426936161 -0.3039379099)
(0.8216856788 -0.01307406367 -0.3493700981)
(0.869983504 -0.09672035493 -0.4425990794)
(1.222546525 -0.03615723993 -0.47650773)
(0 0 0)
(0 0 0)
(0 0 0)
(0.7280927263 -0.02868582089 -0.3482935028)
(1.743721352 -0.1311164702 -0.4924679729)
(0.9087113828 -0.1181656539 -0.4039955058)
(0.7996024821 -0.1371478002 -0.3912926927)
(0.6627755095 -0.1859296237 -0.4534157757)
(0.7867413422 -0.1365367675 -0.5266002399)
(0.6383593915 -0.01125255462 -0.3909121721)
(0.379997145 -0.04736361075 -0.2351895227)
(0.6042055217 0.1052067507 -0.3696732743)
(0.8327330526 -0.2959633314 -0.5307550075)
(0.5192187686 -0.04832863827 -0.2398040173)
(0.7811283728 -0.1402070681 -0.4492014839)
(0 0 0)
(0 0 0)
(0 0 0)
(0 0 0)
(0 0 0)
(0.7756663671 -0.2504797896 -0.5212075065)
(0.884773698 -0.08408281897 -0.3947269551)
(0.4675978456 -0.2573277029 -0.1214760222)
(0.4514621303 -0.1225353573 -0.1789261379)
(0.7995124829 -0.2859128813 -0.4141866046)
(0.6600434259 -0.2855424713 -0.2688270448)
(0.2889372804 -0.09610896515 -0.2255052058)
(0.4558123389 -0.1348395678 -0.2772701567)
(0.6413114114 -0.1352094019 -0.3027994359)
(0.3992640568 -0.1058900655 -0.2425363921)
(0.4352508696 -0.1476730938 -0.275378593)
(0.5221139908 -0.1583445708 -0.2829133555)
(0.4448963137 -0.04169844068 -0.1841431255)
(0.6863714437 -0.1585611432 -0.2599455087)
(0.5013517747 -0.06227438976 -0.2497837125)
(0.2390477117 -0.1392736901 -0.1443760785)
(0.2609432413 -0.1101942207 -0.08235086354)
(0.2783252526 -0.09916217324 -0.1770232779)
(0.5849636243 -0.2752761416 -0.2194148298)
(0.3309099668 -0.1288358966 -0.1862582735)
(0.09330436351 -0.02029853357 -0.06320760337)
(0.1462637704 -0.03759991899 -0.08227391588)
(0.04957353752 -0.06246061408 0.0265048561)
(0.1099451783 -0.1087757087 -0.04752183801)
(0 0 0)
(0 0 0)
(0 0 0)
(0.02661419235 -0.03840016862 -0.02926519359)
(0 0 0)
(0.4105346901 -0.1479544609 -0.247966078)
(0.4452826592 -0.01514030889 -0.2559625121)
(0.3261575726 -0.1714895242 -0.1479070744)
(0.4661615487 -0.1284739712 -0.1325126168)
(0.2259774534 -0.1421954743 -0.1794561309)
(0.4558405827 -0.0924314259 -0.3263068521)
(0.220249926 -0.1141423089 -0.3025151859)
(0.3102289912 -0.1641918334 -0.2014074355)
(0.4143795457 -0.06230660462 -0.1572680087)
(0.2335821267 -0.01010919313 -0.2371827561)
(0.2414032028 -0.08060765825 -0.1256990155)
(0.3073631287 -0.1008871932 -0.148023968)
(0.1437150062 -0.04224383375 -0.1572345655)
(0.1047976178 -0.139229429 -0.0776779922)
(0.2999861107 -0.1364476745 -0.1027188505)
(0.0582666299 -0.03034966199 -0.06423066472)
(0.09111846653 -0.03505623569 -0.09951328689)
(0.2238899754 -0.128413803 -0.1657761272)
(0.1326450251 -0.08656297768 -0.04729737129)
(0.1552384694 -0.06436603385 -0.1017594818)
(0.1386626662 -0.0611701866 -0.1297120496)
(0.1309715904 -0.1397777556 -0.0594254224)
(0.06115553779 -0.02225689803 -0.05485620142)
(0.06589679251 -0.06656547569 -0.002352752122)
(0.1373618019 -0.09082660165 -0.04722961742)
(0.6742892388 0.1507638892 -0.3475418936)
(1.131094077 0.1082629982 -0.6295152927)
(0.9556776563 0.171503935 -0.5129062673)
(0.4851233428 0.08977002683 -0.3241408292)
(0.9411601409 0.02342147839 -0.3180432098)
(0.08304825192 -0.05788737103 -0.1055350042)
(0.4347014943 0.08566085204 -0.242421613)
(0.2450402112 0.05014041704 -0.1604787317)
(1.338587671 -0.1014053877 -0.6376559118)
(0.4753972195 -0.06207754198 -0.2464919796)
(0.7688028954 0.1570915124 -0.5456244686)
(0.402939402 0.01908720865 -0.322094817)
(0.5724267512 -0.1780091231 -0.427751423)
(0 0 0)
(0 0 0)
(0 0 0)
(0 0 0)
(0.4613542618 -0.01989317797 -0.3855699714)
(0.9375087157 -0.1184306746 -0.3050273113)
(0.7298736406 -0.140547953 -0.4242305602)
(0.8177169253 0.07245350627 -0.3805283962)
(0.8845177009 0.04410425211 -0.5710322896)
(0.7638841072 -0.08045607908 -0.4020452237)
(0.8122483616 -0.1943924531 -0.4926027228)
(0.4044192726 0.05806377383 -0.2627958296)
(0.4708243344 -0.01543023647 -0.319488788)
(0.6512722148 -0.1052901107 -0.3892126006)
(1.01265885 0.08604587615 -0.6269470064)
(0.5699523759 -0.1601883261 -0.1986562806)
(0 0 0)
(0 0 0)
(0 0 0)
(0.5672267844 -0.02812682931 -0.263388009)
(0.5815755272 0.09244655623 -0.2713537507)
(0.2870183572 -0.03576857871 -0.1467648799)
(0.90440614 -0.01676169898 -0.5676816464)
(0.1914514977 -0.05078030344 -0.09570411)
(1.057925284 -0.1705068432 -0.4574098186)
(0.6277126482 -0.008703010489 -0.2824500478)
(0.7728455996 -0.06885990704 -0.3880590074)
(1.127098784 -0.2202198133 -0.6724995018)
(0.9206433774 -0.01005031983 -0.7105712929)
(0.7074531339 -0.0766309033 -0.3846128127)
(0.573565814 -0.02615858593 -0.3160631944)
(0.4100112739 -0.02487405102 -0.219517332)
(0 0 0)
(0 0 0)
(0.205696206 0.05793229241 -0.1066104232)
(0.5696934278 -0.04876329797 -0.3900229814)
(0.6272891388 -0.2007396275 -0.3379845343)
(0.5530257045 -0.1366807509 -0.2319788563)
(0.4254860588 -0.09931901842 -0.1806361739)
(0.7337315014 -0.03494374388 -0.4269083237)
(0.4307030255 -0.05284469187 -0.2655769049)
(0.3310626149 -0.06911285846 -0.2567168076)
(0.4920899963 -0.1383162743 -0.3434492167)
(0.5002892013 -0.1871568252 -0.2039186749)
(0.4399859267 -0.08712240279 -0.1557343285)
(0.338591537 -0.1345008921 -0.2334957228)
(0.4116160161 -0.1044636922 -0.1821981899)
(0.470854237 -0.1317296847 -0.1538227831)
(0.4190326407 -0.1787774626 -0.1304885503)
(0.4399997105 -0.1015131477 -0.2603861998)
(0.2151145842 -0.107697529 -0.1205910441)
(0.3549194801 -0.08533471996 -0.1776883788)
(0.2080618772 -0.07460314447 -0.1012769261)
(0.2590410654 -0.143610503 -0.1503697614)
(0.1397041376 -0.02933943639 -0.04849402061)
(0.3179472189 -0.1387864548 -0.1774506049)
(0.3303155717 -0.08309061123 -0.1514597695)
(0.2893350397 -0.07671281448 -0.1235935345)
(0.1129831535 -0.05090575317 -0.08990365183)
(0.07122911533 -0.02066143361 -0.05027377564)
(0.06892631266 -0.03221117545 -0.03427154048)
(0 0 0)
(0.025265385 -0.003117628602 -0.0458209582)
(0 0 0)
(0 0 0)
(0.06619197816 -0.06392657056 -0.002129354043)
(0 0 0)
(0.2368317316 -0.01032495392 -0.235483487)
(0.1841059093 -0.02712361415 -0.02544543852)
(0.3985022498 -0.08364301845 -0.1618468668)
(0.3156275184 -0.1763411958 -0.1097170846)
(0.3589696617 -0.1918683216 -0.1305966612)
(0.1520331306 -0.09459789269 -0.08093171605)
(0.2185264604 -0.06924080692 -0.05987618074)
(0.1318060839 -0.08678464574 -0.1189116162)
(0 0 0)
(0.04860561327 -0.02329418593 -0.009273473049)
(0.1939749024 -0.07397338298 -0.1002303581)
(0.3005005881 -0.01893905322 -0.1788887377)
(0.5959711461 -0.1636877434 -0.350955923)
(1.018949512 -0.09489921264 -0.5493327382)
(0.4966115806 -0.1369533251 -0.2704066611)
(0.4728475931 -0.01606041505 -0.210497404)
(0.3011149502 -0.09729454216 -0.2012926388)
(0.7418351036 9.271488649e-05 -0.3370042846)
(0.7986294561 0.009102292659 -0.5623886267)
(0.4667940465 0.1130040022 -0.2617569535)
(0.4367993631 -0.03353190066 -0.2006074133)
(0.5103687559 -0.07966453263 -0.3024097154)
(0 0 0)
(0 0 0)
(0.3571413504 -0.07262850064 -0.3416146555)
(0.479974485 -0.1042766405 -0.3294931757)
(0.6346237579 0.005488552565 -0.3066497241)
(0.5393760621 -0.00823442646 -0.3279197461)
(0.5643372289 -0.07083685315 -0.2754944785)
(0.4300056047 -0.04663269902 -0.1450559682)
(0.5707342964 -0.01043808837 -0.3365068651)
(0.7605754642 -0.09725341592 -0.4718902352)
(0.6222415086 -0.06441230586 -0.319751119)
(0.6650510929 -0.04599101764 -0.1402882048)
(0.814375659 -0.1293627347 -0.4623166707)
(0.5929296605 -0.03298844334 -0.2320815195)
(0.6875620167 -0.05652998506 -0.2766838017)
(0.9398896783 0.04825954459 -0.4277123199)
(0.6548741093 0.02137558649 -0.2426399836)
(0.4424556201 -0.0506614974 -0.1509081711)
(0 0 0)
(0 0 0)
(0 0 0)
(0 0 0)
(0.3738912555 -0.07307013302 -0.2784718188)
(0.08237146474 0.02116651669 -0.1035085633)
(0.4975725809 -0.05468630902 -0.2427692883)
(0.2960100988 -0.07233613657 -0.165135601)
(0.7058927233 -0.0866127652 -0.4102487566)
(0.2880378489 -0.1014909956 -0.133317249)
(0.4092350651 -0.2153973744 -0.2092658878)
(0.1916910991 -0.02919216911 -0.1336724954)
(0.2677657114 -0.1826062659 -0.114415804)
(0.3762872698 -0.04852037429 -0.119138102)
(0.2345486674 -0.08258642727 -0.08420498915)
(0.2802287806 0.01197725521 -0.1661145539)
(0.1461077907 -0.103341426 -0.02843148004)
(0.1016135999 -0.01268054933 -0.02604948535)
(0 0 0)
(0 0 0)
(0 0 0)
(0.05091380209 0.01890805338 -0.07513291528)
(0.2761640273 -0.1392232043 -0.1385025325)
(0.3730683672 -0.03020810418 -0.1330519317)
(0.1866141376 -0.08833259858 -0.1755080391)
(0.2616398121 -0.1827056696 -0.1086934364)
(0.2883678932 -0.1268491945 -0.05902009844)
(0.0394285809 -0.01218152672 -0.02870969692)
(0.1016250357 -0.01289842021 -0.05717489236)
(0.706560484 -0.01113087089 -0.286520012)
(0.6667087269 0.007437338448 -0.3034071294)
(0.4939417655 -0.05849392087 -0.2389108991)
(0.2220028517 -0.04723011494 -0.1654069041)
(0.4605426653 -0.07418650161 -0.2693523899)
(0.4334719719 -0.04580962277 -0.2653082914)
(0 0 0)
(0.09539996295 -0.02453255141 -0.08108237683)
(0.009983133637 0.01924839338 -0.0482685103)
(-0.002259241733 0.006243058667 -0.01288345809)
(0.3567137359 -0.05698310693 -0.3061865347)
(0.323247979 -0.1496901679 -0.1785261555)
(0 0 0)
(0.3459215317 -0.07639336159 -0.06674215788)
(0 0 0)
(0.07737598353 0.0112354492 -0.03875250933)
)
;
    }
    spline
    {
        type            calculated;
        value           uniform (0 0 0);
    }
}


// ************************************************************************* //
