/*--------------------------------*- C++ -*----------------------------------*\
| =========                 |                                                 |
| \\      /  F ield         | OpenFOAM: The Open Source CFD Toolbox           |
|  \\    /   O peration     | Version:  v1706                                 |
|   \\  /    A nd           | Web:      www.OpenFOAM.com                      |
|    \\/     M anipulation  |                                                 |
\*---------------------------------------------------------------------------*/
FoamFile
{
    version     2.0;
    format      ascii;
    class       volVectorField;
    location    "0.4536";
    object      fD_N2;
}
// * * * * * * * * * * * * * * * * * * * * * * * * * * * * * * * * * * * * * //

dimensions      [1 -1 -2 0 0 0 0];


internalField   uniform (0 0 0);

boundaryField
{
    symmetry
    {
        type            symmetry;
    }
    inlet
    {
        type            calculated;
        value           uniform (0 0 0);
    }
    orion
    {
        type            calculated;
        value           nonuniform List<vector> 
1990
(
(1.015880191 0.2087219332 0.4399169339)
(0.1226988859 -0.04856298705 0.1788768297)
(0.9664516292 -0.05142569752 0.3401140501)
(0.06252293705 -0.01685529553 0.1371737181)
(0.6461870689 -0.1621518968 0.4615368233)
(0.0445179537 -0.02080423759 0.07043863707)
(1.174747502 -0.02219658796 0.6621274239)
(0 0 0)
(0.7618886921 -0.1560763964 0.5846508201)
(0 0 0)
(0.8452133892 -0.04203819947 0.4975445911)
(0.5221553502 -0.0160075162 0.4348569176)
(0 0 0)
(0.8088904189 0.05724051473 0.5469664518)
(1.115206708 0.01167876463 0.6699284437)
(0.0076892683 0.001686475588 0.02645909063)
(0.931535967 -0.2229211975 0.2400167433)
(0.03525953956 -0.01798508445 0.09604398638)
(0.805308023 0.2251717355 0.7330079765)
(0 0 0)
(0 0 0)
(1.240840523 -0.1507256054 0.8048142354)
(0 0 0)
(1.140144826 -0.282640284 0.7547341637)
(0 0 0)
(1.069255679 -0.03645321455 0.6925520981)
(0 0 0)
(0.7770234347 -0.06185782572 0.4233570468)
(1.016600574 0.06951910162 0.3908271618)
(0.3213904293 -0.1786344492 0.1177488866)
(1.30711929 -0.1435139727 0.7139596246)
(1.030379537 0.005423195233 0.5717815712)
(1.410169708 -0.06093964919 0.7044523011)
(0 0 0)
(0.7440593303 -0.07796452063 0.649986223)
(0 0 0)
(0.9345796772 -0.1735100177 0.6146530574)
(0 0 0)
(0.8591025971 -0.0329450718 0.521589278)
(1.1181088 -0.3252838501 0.6334012713)
(0 0 0)
(1.601834943 0.1584804834 0.6146829778)
(0.01140370038 -0.01719792986 0.02218756676)
(1.841435647 -0.2538751178 0.8993217855)
(0 0 0)
(1.308911299 -0.08630451312 0.8131481854)
(0 0 0)
(1.270154943 -0.1955059692 0.8210515146)
(0 0 0)
(1.430508541 -0.142390235 0.6573115562)
(0 0 0)
(1.298753962 -0.1695665634 0.4773329848)
(1.699409528 0.03503652983 0.5937771964)
(0 0 0)
(0 0 0)
(1.315937752 -0.0877036166 0.7107905079)
(0 0 0)
(1.932455034 -0.3589431357 0.7977379292)
(0 0 0)
(1.486794119 -0.2556661403 0.6064450804)
(1.056061138 -0.2940391206 0.7134244607)
(0.5616276154 -0.2532877899 0.2458681224)
(0.01919751741 -0.03758152551 -0.003648289027)
(0 0 0)
(0 0 0)
(0 0 0)
(1.566413452 -0.1108955209 0.7856112862)
(0 0 0)
(1.59500029 -0.1081874069 0.7840244535)
(0 0 0)
(1.521323776 -0.2895986243 0.8591163355)
(1.29361066 -0.04393225299 0.5933637652)
(1.504522911 -0.384822066 0.6196096113)
(0 0 0)
(0.0312222368 -0.05233795366 0.004559105456)
(0 0 0)
(0 0 0)
(2.386865597 -0.3100561108 1.038209362)
(2.134636345 -0.1637374662 0.8987830788)
(0 0 0)
(1.583849026 -0.2927126073 0.7283414067)
(1.631373505 -0.1052788225 0.6951322411)
(1.64718151 -0.3954940592 0.8711795722)
(0 0 0)
(1.670234383 0.1091653566 0.7937030438)
(0 0 0)
(1.057144463 -0.2860349088 0.272236991)
(0.02412389849 -0.02328544688 -0.001008093459)
(0 0 0)
(2.39680092 -0.2253621635 0.9871120194)
(0 0 0)
(2.423417952 0.1429817145 0.9476826497)
(1.845042338 -0.355772155 0.6508946323)
(0 0 0)
(0 0 0)
(2.349521418 -0.208639222 0.8228502165)
(0 0 0)
(1.884859484 -0.32718169 0.6313668094)
(0.01673697867 -0.02136039947 -0.00666464835)
(0.6401165255 -0.1542672212 0.1849615576)
(0 0 0)
(2.46820909 0.006112493975 0.8727603675)
(3.004777254 0.03475100945 1.089207618)
(2.621658662 0.1347032027 0.7284554611)
(2.926263482 -0.2801149053 0.8480855152)
(0 0 0)
(2.839475273 -0.1405616304 0.9938852864)
(0 0 0)
(0 0 0)
(2.37531222 -0.3645631589 0.7418476115)
(0 0 0)
(0 0 0)
(2.359961295 -0.3876787294 0.8866481783)
(0 0 0)
(0.03624675779 -0.02759393156 -0.00977053377)
(1.634646512 -0.308102231 0.3658000674)
(0.02767358863 -0.05426566893 -0.004387727076)
(2.924128003 0.2016157963 0.9269045157)
(0 0 0)
(2.430112364 0.08677434379 1.274376677)
(0 0 0)
(2.617599942 -0.1586179281 0.8264911007)
(0 0 0)
(0 0 0)
(2.212342859 0.09650242078 0.5463102533)
(0 0 0)
(0 0 0)
(0 0 0)
(2.177542709 -0.1626343458 0.6905895266)
(0.00615452251 -0.01356883629 -0.01436640166)
(0 0 0)
(0.3931585974 -0.2901625037 -0.04713195981)
(0.007678784464 -0.006908332461 -0.0500418589)
(0 0 0)
(0 0 0)
(0 0 0)
(3.403653098 -0.4036764132 0.8849558381)
(0 0 0)
(2.820778558 -0.3854327783 0.6608054544)
(0 0 0)
(0 0 0)
(0 0 0)
(2.410431203 -0.3636009756 0.7592055773)
(0 0 0)
(0.03291428297 -0.058589984 -0.0003495568527)
(2.074770971 -0.4781392995 0.03896221475)
(0.03068538403 -0.03199892843 -0.01614145957)
(3.047844935 -0.08910427747 0.8526335097)
(3.371526778 -0.05087712912 0.9135198526)
(3.487039835 0.04603717823 1.019256541)
(0 0 0)
(2.837868445 -0.5077968381 0.858294228)
(0 0 0)
(0 0 0)
(2.885366717 -0.2434188019 1.110144378)
(0 0 0)
(3.716471546 -0.1875991945 1.081380259)
(0 0 0)
(2.635494577 -0.5268869501 0.492094595)
(-0.006803037575 -0.0113425862 0.01112847323)
(0.7240080948 -0.2306871277 -0.1767304968)
(0.1316354353 -0.09374757385 -0.05606631699)
(0.07550700757 -0.05502355488 -0.03051473155)
(0 0 0)
(4.000416209 -0.05345845586 0.6858553161)
(0 0 0)
(4.173163252 -0.2708908493 0.9884851477)
(0 0 0)
(2.85950072 0.01544634415 0.9741189318)
(0 0 0)
(2.934671701 -0.4883712876 0.1585409723)
(0.004569775795 -0.02434142255 0.01290361252)
(0.01475507676 -0.04387477542 -0.04699086344)
(1.190750511 -0.4107769793 -0.1702772255)
(0.1051027917 -0.07507166396 -0.04917453888)
(0.03257085888 -0.01481551089 -0.0522337241)
(3.695847613 0.1112226674 1.042002464)
(0 0 0)
(3.899574578 0.08246081616 1.119001063)
(3.068442382 -0.1455600859 0.7136444727)
(3.3518367 -0.2094528121 0.8803247251)
(0 0 0)
(2.937323322 -0.1750653207 0.2272335043)
(0.0268342201 -0.009197252833 -0.02301460201)
(0 0 0)
(1.300357923 -0.4313287394 -0.2823368293)
(0.1804368915 -0.04808557049 -0.101341828)
(0.07772863277 -0.05316177134 -0.02792157819)
(0.2194934906 -0.1513448664 -0.1342423865)
(0.06653882005 -0.05486980534 -0.04617636068)
(0 0 0)
(0 0 0)
(0 0 0)
(4.442845122 -0.3600790015 0.06242484674)
(0.01040936654 -0.02417265455 -0.006911172231)
(2.102354689 -0.4014042653 -0.3902583874)
(0 0 0)
(0.4658767069 -0.04041214862 -0.2642149461)
(0.1432274675 -0.05061786223 -0.1306355204)
(0.09773126668 -0.02240783711 -0.08856418497)
(0.0734713278 -0.05392129821 0.008861356022)
(0.06069526292 -0.01570170178 -0.06201101038)
(0.1905529208 -0.07123161336 -0.05811487064)
(0.1388710321 -0.08049883102 -0.07887349775)
(0.02093380235 -0.02571196197 -0.02607419638)
(0.08115910745 -0.05198493791 -0.003292135501)
(0 0 0)
(0 0 0)
(0 0 0)
(3.087141923 -0.2424341645 -0.5305266665)
(0 0 0)
(0 0 0)
(1.138685757 -0.05449287626 -0.5546496559)
(0.3709400117 0.003396946272 -0.1790142491)
(0.5373036935 -0.1337255801 -0.2118556957)
(0.05224274565 -0.04225702284 -0.02525060774)
(0.4185469932 -0.1271929337 -0.1247385982)
(0.3847067267 -0.2237738318 -0.1460107028)
(0.2343334409 -0.1534489638 -0.1561282778)
(0.1265303803 -0.07202304907 -0.05262658232)
(0.125238453 -0.08407054164 -0.05388212731)
(0.08851452783 -0.02832870663 -0.06988126912)
(0.06209038781 -0.07103647911 -0.02545502622)
(0.2945758256 -0.09073957169 -0.3843504106)
(0.4816845896 -0.0931533593 -0.2508798776)
(0 0 0)
(1.13661583 -0.2471547109 -0.424415768)
(0.4384369046 0.1663423347 -0.3484576475)
(0 0 0)
(0.6076267867 -0.1018105301 -0.4667696483)
(0.4275302656 0.02713293692 -0.135584921)
(0.6225147343 -0.08148173399 -0.3036881317)
(0 0 0)
(0.4490138864 -0.1720966568 -0.2783164968)
(0.1829748251 0.02235918812 -0.1296363047)
(0.4602058435 -0.0008650633482 -0.166234874)
(0 0 0)
(0.6540302653 -0.2657551959 -0.3901485702)
(0.2432334333 -0.03533939584 -0.07936796782)
(0.5636861462 -0.1625750722 -0.2368620901)
(0.02547186569 -0.01733155543 -0.01952107993)
(0.2870077468 -0.1018709306 -0.1846690828)
(0 0 0)
(0.1348791908 -0.04251018228 -0.1067778031)
(0 0 0)
(0.9910373874 0.02266973638 -0.4204861518)
(0.6104474138 0.07534831814 -0.323945765)
(0 0 0)
(0.4496038424 -0.1125703559 -0.195673052)
(1.012337207 -0.1334738057 -0.4521877859)
(0.7276685573 -0.06110705676 -0.4108981635)
(0 0 0)
(0.1097993568 0.003550241517 -0.06505317834)
(0.5467391421 0.02374383469 -0.2598929366)
(0.1942637318 -0.02921274695 -0.1215317333)
(0 0 0)
(0.1719771653 -0.07780748487 -0.121923912)
(0.1364877595 -0.007137761297 -0.120205475)
(0.2047733646 -0.02652045089 -0.1153387451)
(0 0 0)
(0.5081236365 -0.1073471053 -0.4119333013)
(0.7814345182 -0.06151356827 -0.3085198025)
(0.4477766055 -0.03491906369 -0.213767269)
(0 0 0)
(0.5256594163 -0.145969366 -0.3076886682)
(0.3289258307 -0.02061084781 -0.2137301999)
(0 0 0)
(0.3761060154 -0.05080535043 -0.1810753284)
(0.2908572968 -0.04482891654 -0.1859331856)
(0.2628753844 -0.03756675161 -0.1846114023)
(0 0 0)
(0.7451679748 -0.05316028298 0.6158433463)
(0.6921552626 0.01320397617 0.6519421555)
(0.8627897141 -0.01676824941 0.5615885672)
(0.3959850559 -0.04272190367 0.3459415645)
(0.9073428987 0.2181641464 0.4739532399)
(0.3877399252 -0.03421248384 0.3613888151)
(0.1256666235 -0.01157807848 0.2395522613)
(0 0 0)
(-0.001523093556 -0.004849218651 0.009600109186)
(0.8784469514 -0.0958976713 0.4308900445)
(1.210945013 -0.1335544562 0.7386391438)
(0.7788925997 0.04121428715 0.5344444103)
(0.6255314263 -0.02281342177 0.5517668799)
(0.7964572782 -0.1311911835 0.3469967836)
(0.2342333391 -0.00310107943 0.1265439941)
(0.1864675766 -0.0598200288 0.1910194253)
(0 0 0)
(0.003336455255 -0.006793515089 0.03022646951)
(0.9092758705 0.006849153385 0.410577697)
(0.8431542849 0.000407545454 0.534988603)
(0.1488954629 -0.01371660764 0.1074322356)
(0.1084514833 -0.005893931907 0.08548459771)
(0.6123109764 -0.05476529874 0.4484619344)
(1.01154051 -0.08139407932 0.3303304327)
(0.9862410414 -0.01813652295 0.3574812322)
(0.1710908083 -0.05481589189 0.1136669629)
(0.3486560613 0.01991880455 0.2790082029)
(0 0 0)
(1.084184688 0.03891729748 0.5726697084)
(0.0444360785 -0.01205407436 0.04335218748)
(0.02390767638 -0.02303347908 0.0454838901)
(1.015749214 0.00817041546 0.6794650039)
(0.9981736708 -0.1504098082 0.8263083739)
(1.008784037 0.05750242647 0.7133673537)
(0.6448495511 0.05529439166 0.396507141)
(0.9543414425 -0.05802765252 0.8551385065)
(0.9587349279 -0.1206035147 0.6603995979)
(0.8253620764 0.07877621103 0.6789038112)
(0.9069444916 0.01014806943 0.695712782)
(0.7235627264 -0.1332616649 0.466475941)
(0.9019903586 0.02752784684 0.7745878413)
(1.067266183 0.0568694944 0.506630304)
(1.267066122 -0.0399517321 0.7607294579)
(1.016852029 -0.04486753066 0.5667630062)
(0.9294318538 -0.1797106723 0.5626929522)
(0.9062982816 -0.1577422922 0.4902332494)
(0.7073277366 -0.03572213914 0.4834072104)
(0.6785668002 -0.01459033696 0.7047122064)
(0 0 0)
(1.068776665 -0.08388802698 0.6575163351)
(1.262323733 -0.176802271 0.7604085599)
(1.007948964 -0.0314589446 0.7279378485)
(0.7841943727 0.01925090069 0.6669787055)
(0.8151362899 -0.1543445423 0.5165186439)
(0.6087276967 -0.09234381856 0.5566709959)
(0.6908115319 -0.1275283088 0.5258427156)
(1.061640074 -0.02743694772 0.5845808204)
(1.256398316 -0.2053024456 0.3853244998)
(1.185474452 -0.1485270548 0.5998770644)
(0.002431119325 -0.01079059862 0.05149466046)
(0.8593686568 -0.06854384979 0.4605116968)
(1.062331933 0.1246486443 0.5195993277)
(0.5186581891 -0.0571010656 0.3679501079)
(1.161491454 0.02163647288 0.2736407399)
(0.2417509908 -0.04691872412 0.09436455598)
(0.0006318088675 -0.05293256011 0.03800983437)
(0.1671732621 -0.05199978737 0.1216157084)
(0 0 0)
(1.061601897 0.1722075929 0.3310455323)
(0.6595145028 -0.004250702495 0.224334764)
(0.3484866898 -0.1158717658 0.2485424806)
(0.1714457423 0.008021215077 0.1347285553)
(1.0795394 0.1360431927 0.564254153)
(1.31135649 0.06178147538 0.6702666527)
(1.420921336 0.002993045858 0.7403959376)
(1.426525823 -0.05432325832 0.5775835757)
(1.186132185 -0.04815464157 0.8579476558)
(1.047153856 -0.107158721 0.6051880671)
(1.186886882 -0.01223554018 0.9202819653)
(1.056078004 -0.02644754265 0.6247027463)
(1.120250315 -0.09639584449 0.6327178416)
(1.49656741 -0.2604601651 1.124919298)
(0 0 0)
(1.200565271 0.02217323215 0.7555288016)
(1.549810539 -0.1058612469 0.7262496293)
(0.8406135997 -0.206234646 0.6232128921)
(1.373113159 -0.1015187386 0.7855913476)
(1.102296293 0.02158868112 0.7259932163)
(1.007739093 -0.09970005953 0.6660689499)
(0.7746657012 -0.03587880723 0.5300503156)
(1.267589336 -0.3232253983 1.053709485)
(1.049351158 -0.06638990542 0.7408744589)
(1.41072604 -0.04883566232 0.8273245177)
(0.8547954133 -0.151352339 0.5032538717)
(1.119420752 -0.07764146544 0.5757712596)
(1.471670512 -0.275630778 0.8997008687)
(0.8809203257 -0.2424060827 0.6414497029)
(1.182162495 -0.04646073784 0.7043105399)
(0.9555917977 -0.1874230294 0.4323022846)
(1.462728548 -0.09377492363 0.6931772569)
(0.9678954495 -0.1911218246 0.7138703046)
(0.8849734624 -0.3291354553 0.4107270403)
(1.206086862 -0.08594136678 0.7144369394)
(0.9184160746 -0.2604766738 0.5786085397)
(0.9443846132 -0.2510261138 0.6619466619)
(1.132525704 -0.08042939254 0.6467873739)
(1.326585079 -0.007741405735 0.5964868973)
(1.183629521 -0.1549699174 0.4505912134)
(1.582874952 0.181590752 0.7603649141)
(0.4131793263 -0.1435252378 0.3464705281)
(1.048443947 -0.09218256985 0.4576909806)
(0.1079209744 -0.1202868224 0.1764714172)
(1.720638651 -0.02605811572 0.7320300361)
(1.840850578 0.02325720597 0.8559926826)
(1.749555461 -0.07135456604 0.6850074804)
(1.309122855 0.1933345848 0.8517526978)
(1.459701168 -0.01689307577 0.6627109501)
(1.74805512 -0.1334498239 0.8587735866)
(1.240960261 -0.08674959529 0.5799393172)
(1.147992191 0.08763668674 0.6398012474)
(1.349317867 -0.2275524822 0.8071863161)
(1.504880275 -0.1805035619 0.8799278384)
(1.411164832 -0.05909974469 0.7401239478)
(0 0 0)
(1.714191562 -0.03834307186 0.7963267989)
(1.60585859 -0.165121651 0.7831254579)
(1.746435357 -0.2062096869 0.901205949)
(1.251306609 -0.136219231 0.6694446294)
(1.599300031 0.1820056448 0.9859203745)
(0.9651777861 -0.1401827094 0.5631430358)
(1.315993634 -0.1645998988 0.6356895324)
(1.326608882 -0.3523028303 0.4965675515)
(0.8562362544 -0.1095887908 0.6593837578)
(1.113762692 -0.01182830972 0.5218588111)
(1.389046219 -0.1855100403 0.6528149281)
(1.348203923 -0.2921102647 0.781041604)
(1.738127996 -0.3643821666 1.054144979)
(1.529384363 -0.1193661356 0.5906101642)
(1.563863753 -0.2579863212 0.7900636087)
(0.8831842324 -0.3253899723 0.6502987457)
(1.07104281 -0.1325579062 0.5681982523)
(1.260884676 -0.2004720559 0.6805980814)
(0.643603707 -0.06905399646 0.7575791962)
(0.7868525487 -0.05522169317 0.408539083)
(0.9173029685 -0.2037668216 0.649456329)
(1.184941387 0.03599460192 0.5017098512)
(1.127280078 -0.2512341047 0.4191152431)
(1.424210678 0.02369599763 0.6233062192)
(0.6620841395 0.01452274769 0.2668116383)
(0.9543920868 -0.01524378846 0.4032478472)
(0.1169378826 -0.07457596597 0.1305468075)
(0.03918799161 -0.03738351205 0.02102355426)
(1.68801153 0.04779160852 0.754399742)
(1.850060225 -0.1587625615 0.992010662)
(1.716876975 -0.02930297563 0.8513779491)
(0 0 0)
(0 0 0)
(1.536101441 0.05223935469 0.8407686254)
(1.874798402 -0.04907964824 0.9225162116)
(1.573377287 0.02209630634 0.7853102778)
(1.777304101 -0.1526177857 1.008521421)
(1.69867551 -0.04394941466 1.030938205)
(1.637807768 -0.1537637204 0.9655309221)
(1.16243869 -0.05558500463 0.620616654)
(1.764216138 -0.08144739301 0.910106888)
(1.886062592 -0.2646328193 1.116106572)
(1.516861832 -0.3135974813 0.889477913)
(1.162068377 0.1454743707 0.4944397966)
(1.540531563 -0.2295852683 0.7441102867)
(1.658035115 -0.036241185 0.7458526038)
(1.308111697 -0.1233991559 0.6140956353)
(1.444689269 -0.1401267375 0.795138886)
(1.418866008 -0.2449154709 0.6837939681)
(1.41345633 -0.1289504547 0.6199889615)
(1.18550486 -0.0965773921 0.4629865724)
(1.405380126 -0.29324851 0.853103559)
(1.207663367 -0.1638423297 0.6722907692)
(1.639074562 -0.06873026262 0.8005137307)
(1.105025346 0.06641431163 0.5349885817)
(0.9317948997 -0.206240367 0.5789966784)
(1.332773793 -0.3001144554 0.6512684476)
(1.285253434 -0.1158505994 0.5950913388)
(0.890156056 0.03728172867 0.3909778848)
(0.5756019188 -0.2780260852 0.3512517747)
(1.040148213 -0.327236001 0.4698973748)
(0.08509102374 -0.07104144761 -0.01378775683)
(1.986964111 -0.03009941322 0.9109164657)
(2.110246097 0.1176295317 0.9005581894)
(1.707489251 -0.04162040945 0.7988704609)
(1.627761127 -0.04161303185 0.8147771581)
(1.631600757 0.02132683372 0.5239915803)
(0 0 0)
(2.201116939 -0.1297117127 0.9945253924)
(1.670773762 -0.1616408327 0.7553827196)
(1.916707487 -0.1239439956 0.83743067)
(1.582090038 -0.2387721695 0.7080583838)
(1.733508363 -0.186659362 0.8003378549)
(2.06953857 0.1955436046 0.4297926495)
(2.489232322 0.0189669505 1.101842225)
(2.118063408 -0.1890229495 1.23368773)
(2.029108507 -0.1052774605 0.9333217312)
(1.743249854 -0.1043291069 0.9083248763)
(1.786720483 -0.06463238004 1.124548421)
(1.853578132 -0.2090221153 0.8765687501)
(2.12978844 -0.0963861336 0.8508997931)
(1.514571094 -0.2046158073 0.8398066328)
(1.397796583 -0.1576679962 0.5411045301)
(2.265173538 -0.294871887 1.326776762)
(1.402679931 -0.4200513349 0.8960336139)
(1.690661211 -0.3000636851 0.8959475714)
(1.611496314 -0.1776353506 0.6589564353)
(1.393997947 -0.3676989843 0.7742983711)
(1.360900857 -0.1342375047 0.8750505242)
(1.22517689 -0.3133434056 0.6333743269)
(0.800709271 -0.2225711462 0.662900049)
(1.156335109 -0.1708466589 0.6347202015)
(1.904689652 -0.1338087394 0.9565009516)
(1.574671055 -0.2934985428 0.629034934)
(1.946184392 -0.3473192431 0.7795581012)
(1.944354055 -0.0883859384 0.8585559707)
(1.387354492 -0.2028237327 0.4949363828)
(1.353364358 -0.1383682117 0.6653705702)
(0.3160755132 -0.1117311783 0.09648743765)
(0.2518730918 -0.1114999887 0.07187223114)
(2.450114825 0.2471273811 1.030710481)
(2.062164373 -0.1305871558 0.8444593477)
(0 0 0)
(1.925826483 0.1422401165 0.9288658038)
(2.273166325 -0.2515953833 1.135499031)
(1.721840079 0.04900838716 0.7817788031)
(1.883838067 0.04036329053 0.4862705208)
(1.931066748 -0.2146308889 0.8194768529)
(2.204781149 0.0452542079 0.7900880466)
(2.099136641 -0.3044509217 0.7188651292)
(2.255570522 -0.152669258 0.7351921657)
(2.144583244 -0.162112101 0.8744494056)
(1.670891841 -0.0355316646 0.7100386221)
(2.049556206 -0.2519560702 0.8503610172)
(1.848463691 -0.4532975229 0.8809489958)
(2.543793791 -0.4872218649 1.157049296)
(2.54186817 -0.4688499284 0.93894405)
(1.202167604 -0.07106758604 0.5826634864)
(1.820441725 -0.3109057043 0.7091176175)
(1.432849409 -0.2347503897 0.7456435317)
(2.006737249 -0.4513851568 0.7523408711)
(1.831942466 -0.2808742032 0.849291585)
(1.80327552 -0.1863893115 0.8119808493)
(1.849939263 -0.3602205886 1.03401298)
(1.471609345 -0.3320714819 0.8107498494)
(2.283072519 -0.3845473803 0.8968831222)
(1.867020348 -0.3196465614 0.756984918)
(1.666805377 -0.1645946762 0.8045553985)
(1.554598311 -0.3030847716 0.7415460716)
(2.060962458 -0.01301917943 0.7856961216)
(0.6968987333 -0.1532916267 0.2569085559)
(2.099280735 0.02429295819 0.8062621782)
(1.489631421 -0.2647732611 0.7797624829)
(0.9736768395 -0.2569592076 0.4023914548)
(1.69876791 0.2045771528 0.7404748978)
(2.429192627 -0.2343292336 0.799844718)
(2.681596209 0.1732766406 1.064358089)
(2.005621012 0.1092812838 0.797749678)
(2.419851207 -0.2279600354 0.8995826574)
(2.096381321 -0.08531504292 1.08289107)
(0 0 0)
(2.644440604 -0.3208100852 1.02624999)
(2.363133001 -0.2109929072 0.8525008059)
(2.559615276 -0.04989237303 0.8209773267)
(1.70379557 -0.1445663387 0.4509027661)
(2.766468844 -0.1333383118 1.106917092)
(2.709264746 -0.08813509456 0.6838892922)
(2.803557514 -0.5202891131 1.344854014)
(2.606618043 -0.2984840638 1.09748297)
(2.372027226 -0.1679312148 0.9005140412)
(2.07109402 -0.1035574353 0.9137505724)
(2.437656659 -0.1138367213 0.9728987367)
(2.108747821 -0.2824924042 0.6920007968)
(1.777049633 -0.08820372503 0.6083459706)
(1.878450138 -0.2197435612 0.8149298275)
(1.674263921 -0.1462457957 0.6369031876)
(2.067578238 -0.2376932233 1.001543792)
(1.922282822 -0.4199666564 0.6568336929)
(1.920257007 -0.3864479981 0.920380865)
(2.043747178 -0.2326562762 0.7261997934)
(1.5670132 -0.1107429222 0.9162629524)
(1.379372999 -0.2021437105 0.3353090354)
(1.479886874 -0.06285430099 0.3347486316)
(2.707012297 -0.1618337056 1.183913185)
(1.872510987 0.09548041441 0.273201547)
(1.899993578 0.04654452842 0.9346716224)
(2.607150285 -0.1556895452 0.9861201017)
(2.784728436 -0.03626446723 0.9778348688)
(2.595996532 -0.07261246756 1.024320446)
(2.511796781 -0.4574778736 0.8344241874)
(2.511273337 -0.06666763312 0.9222987186)
(2.689246067 -0.1870396781 1.01816629)
(2.392888154 -0.2832202078 0.678844901)
(2.099945529 -0.1344906429 1.098538511)
(2.365132789 -0.4234111884 0.7649249755)
(2.379433819 -0.1754295707 0.9971157043)
(2.582196677 -0.1905050681 1.046863354)
(2.341696687 -0.4921607861 0.8090639944)
(2.07577528 -0.1130735044 0.9194784215)
(2.345106963 -0.3926955768 0.9094365862)
(2.231769032 -0.2970197473 0.9847108883)
(2.245605182 -0.2197517358 0.8320776862)
(2.116396722 -0.4736464398 0.6357709266)
(2.16377591 -0.08532724001 0.286881629)
(2.506243882 -0.5697289736 1.04515908)
(2.051044829 -0.3499594818 0.827643448)
(2.096188598 -0.3581975427 0.6212814163)
(1.960156264 -0.3611400304 0.7223348919)
(1.676089846 -0.1951149603 0.6884258751)
(2.056602414 -0.1949988082 0.754137632)
(1.437530671 -0.2652870183 0.5299754197)
(1.857319509 -0.1298710725 0.4614315974)
(0.2813540629 -0.1806114193 0.03330102229)
(2.863640361 -0.3105354089 0.998828121)
(2.443476787 -0.02506004446 0.831118966)
(3.016990794 -0.2210490405 1.053329154)
(3.048623359 -0.2840787793 1.122447305)
(3.335533398 0.04005015482 1.125951253)
(2.35324655 -0.06022940705 0.8124797498)
(2.705211906 -0.2470409936 0.985941974)
(3.106673522 -0.161531459 0.7487933616)
(2.54843914 0.007443388549 0.6185983312)
(0 0 0)
(2.729050982 -0.1150368516 0.6493977675)
(3.241192263 -0.4640288689 1.195739861)
(2.255790056 -0.2074077725 0.9459333189)
(3.273107375 -0.3132240662 1.511513676)
(2.737470492 -0.1955183697 0.9971458728)
(2.082338019 -0.1144039247 0.7703839199)
(2.410907564 -0.2982096373 0.7944189417)
(2.61559992 -0.1447458315 1.128819809)
(2.029963084 -0.3149613521 0.6990151012)
(2.268373588 -0.3321504437 0.5596764372)
(2.124785482 -0.3198950343 0.8646707157)
(2.580149471 -0.5643916817 0.7484833495)
(1.863213389 -0.3244422174 0.6262065956)
(2.493054692 -0.3056728805 0.7512047179)
(2.464523207 -0.05176481684 0.7439041801)
(2.495257392 0.1507188414 1.095855351)
(2.168544749 0.009971188991 0.9564071403)
(1.529676453 -0.06251389832 0.3502525643)
(2.1214061 -0.1751343791 0.9726216837)
(3.160255186 -0.0448433568 0.9327128738)
(3.067156631 -0.04399671058 0.9121831589)
(2.972173503 0.08028316815 1.03499916)
(2.387865291 -0.2216534277 0.9223117032)
(2.502408548 0.01575887447 0.7739754315)
(0 0 0)
(2.471683611 0.1828684374 0.6747977918)
(2.991536751 -0.3387197206 1.144759485)
(2.770843341 -0.1948428521 0.7517934006)
(2.73592842 -0.1774009123 0.9033388746)
(2.397200283 -0.2762391085 1.18290753)
(2.889696325 -0.1686055234 0.7967139581)
(2.401371722 -0.1950900979 1.054566117)
(3.103995055 -0.2290119721 0.9910524234)
(3.092046674 -0.4177343697 0.9737952015)
(2.896236294 -0.03675473934 0.9813015049)
(2.777385564 -0.4270913795 1.026050984)
(2.397474779 0.131659601 0.6222803605)
(2.179581048 -0.2678007647 0.6707778407)
(2.706767498 -0.3656356665 0.7894622668)
(2.910940523 -0.5343757994 0.7929461292)
(2.746082163 -0.689723838 0.5404502599)
(2.844253838 -0.2310688381 1.095020679)
(2.674071464 -0.3553251411 0.7367958252)
(1.916436509 -0.4269903044 0.6582911792)
(2.588752378 -0.1714353066 0.8722842499)
(2.588704035 -0.2484330207 0.6471503376)
(1.648630054 -0.3862316643 0.08661495979)
(0.9262299071 -0.3207152673 0.1432568063)
(3.070077225 -0.1854801464 1.130199994)
(3.294325341 -0.02569641379 0.8071538854)
(3.064739815 0.3849420146 1.328888738)
(0 0 0)
(2.820303643 -0.09170534129 0.950994234)
(2.573914821 -0.1237031552 0.7249648902)
(2.935706668 0.0740442799 0.5016441301)
(4.707631554 -0.2444435505 1.200839512)
(3.741660147 0.1417061865 1.140717112)
(2.964873753 0.1923465691 0.6461549005)
(2.613684923 -0.1483490328 0.8479517998)
(3.661457474 -0.23615286 0.9660550426)
(2.904904742 0.05550912929 1.000546093)
(2.520212521 -0.02066942227 0.5754244271)
(3.423570158 -0.1684551429 0.7343676345)
(2.601326514 -0.1349402366 0.7890600853)
(2.319671666 -0.2335326615 0.7348680752)
(3.007150697 -0.3380461292 0.4994528472)
(3.545211143 -0.05238830959 0.7444035845)
(2.198164396 -0.2273581862 0.7261171984)
(3.288907054 -0.4008601397 0.9004181619)
(3.693575745 -0.2226435916 0.8402883576)
(3.141000479 -0.3693608962 0.8829519415)
(2.066616543 -0.2774765897 0.7093817557)
(2.400527819 -0.1618968723 0.826997002)
(2.130886436 0.301116545 1.024270701)
(2.562471137 0.1243813167 0.899567003)
(3.778316019 -0.2427682311 0.5595345653)
(3.51120748 -0.1027485221 1.023659926)
(3.79972151 0.313824706 0.9965954483)
(3.599103511 0.09317303471 1.343596725)
(2.45558695 -0.000276367983 0.6464266927)
(2.810829376 0.1273622393 0.8874677334)
(3.576449077 -0.2778944975 0.6298024047)
(2.161433198 -0.1510355784 0.8358657368)
(3.410883769 -0.385359144 0.4849272161)
(3.317311423 -0.05121661274 0.8158624201)
(2.966247099 -0.09017816839 0.9546124583)
(4.005338728 0.03739717819 0.9827019643)
(3.678572799 -0.1973115839 0.7713342492)
(2.842955995 -0.3044013266 0.6835763785)
(3.367572975 -0.2892439352 1.075877083)
(2.868563875 -0.1660662252 0.8684170111)
(3.507757539 -0.3115154214 1.016737996)
(2.972381947 0.1858210978 0.6699842635)
(3.374409313 -0.3867761687 0.9013700912)
(3.788758964 -0.3574871964 0.8625787985)
(3.503585711 -0.2124896475 0.8399961643)
(2.686061299 -0.3427187238 0.4633398331)
(2.564435398 -0.1765355201 0.9259615994)
(2.709512417 -0.4066387471 0.9158695117)
(3.042290198 0.09684917148 0.9054189908)
(2.738389944 -0.3962225058 0.6559852854)
(2.411207562 -0.03205427903 0.638969271)
(2.486772564 -0.6804142075 -0.01264944609)
(1.906177363 -0.5604860015 0.2861107951)
(1.079575186 -0.4136848282 -0.1910020973)
(3.236293732 0.07642175754 0.9096711662)
(3.708535227 -0.2857000778 0.845310511)
(3.324675484 0.1953497918 0.852676458)
(0 0 0)
(3.331094269 -0.201846927 0.7942498463)
(3.811578255 0.05063068767 0.6882114284)
(4.362609358 0.4788466524 0.9205827981)
(2.906202138 0.2476987395 0.4786386221)
(3.375960465 0.1754744945 1.195094465)
(3.035546232 -0.002791700974 0.7663790834)
(3.746576915 0.1050446177 1.067307927)
(2.885869406 -0.12648636 0.725855412)
(3.980907463 -0.7053327784 0.743080403)
(3.281129495 -0.2238028965 0.6588581105)
(3.697981828 -0.6082692324 0.5606542715)
(3.660750275 0.1747667373 0.9018137382)
(3.109807257 -0.1024608111 0.9270978432)
(3.550060998 0.2231195292 1.315082584)
(3.052899416 -0.01401074376 1.198015334)
(3.06900085 -0.06963995477 1.230321193)
(3.01483953 0.05153095951 1.163291895)
(3.039516102 -0.3828984438 0.6234425987)
(3.308147355 0.002232242841 0.3948182437)
(3.330612509 -0.2978821618 0.1161779973)
(1.265403847 -0.4918663173 -0.2232353172)
(2.463688346 -0.02285566466 1.245460081)
(3.135651746 -0.2348933105 0.9100358972)
(3.519568616 -0.1003194641 0.6990129421)
(3.002004577 -0.1832956835 0.685501824)
(2.93754698 0.1907659356 1.36146653)
(3.210344647 -0.06612181408 0.9782098271)
(0 0 0)
(0 0 0)
(2.753861213 0.0877546722 0.665890123)
(4.194141249 0.005920332826 1.284168445)
(3.353903834 -0.2016519797 0.9032771692)
(3.715416295 -0.2250481163 1.008252035)
(3.352469891 -0.1333866123 0.941840085)
(3.963352236 -0.06291123417 1.024750036)
(3.176861667 -0.4034515719 0.9218625915)
(3.378317155 0.0743838087 1.111873973)
(3.518811289 -0.2060286772 0.5793391377)
(3.683824999 -0.03053400582 0.6165862505)
(2.434134422 -0.01630439809 0.5702458123)
(3.563675322 -0.2884552866 0.01744127034)
(3.952624629 -0.3778567108 -0.09000730852)
(2.546368322 -0.558838228 -0.5653713895)
(3.520021294 -0.1928585241 0.8407629329)
(3.563788032 0.07573596767 0.03652912318)
(4.039492003 -0.2454163848 0.3311172539)
(2.925861922 -0.3316720605 0.8971331743)
(3.089906424 -0.2667691362 -0.07374624294)
(4.071566858 -0.2497819477 0.2784326829)
(3.840455587 -0.07233332981 0.5694515224)
(3.383497544 -0.2272750249 0.04082174137)
(4.742037475 -0.2926206983 -0.1731961828)
(4.209811434 0.1594699774 0.4471136959)
(4.612051291 -0.2019800138 -0.263687579)
(2.033859845 -0.3164686297 -0.07471288638)
(4.009388324 -0.3422875332 0.2457829744)
(2.831735331 -0.1245413815 -0.1644817464)
(2.435768497 -0.2785755103 -0.4215201414)
(2.039029422 -0.2624829266 -0.1527680215)
(1.398727839 0.08911682749 -0.2093368333)
(0.6150834481 -0.1736706925 -0.3446108206)
(0.05815201926 -0.05180697314 -0.03762122529)
(3.17017982 0.1049037256 -0.2953182324)
(2.66693166 -0.05302611147 -0.1797456416)
(2.228796966 -0.4261717706 -0.6724084366)
(0.9412626406 -0.05026974217 -0.4270857853)
(2.095543398 -0.2319557223 -0.4682177883)
(0.6140431486 -0.1285350232 -0.4156718856)
(0.4842776725 -0.09206967164 -0.1800807395)
(0.4820437171 -0.0868615403 -0.2402494956)
(0.4480144176 -0.04136869341 -0.2782048005)
(0.6856965852 -0.0702890177 -0.2952180171)
(0.4135880524 -0.03178079448 -0.337413297)
(0.4478396926 0.005784000736 -0.1994565837)
(0.373094056 -0.04906978368 -0.2480082767)
(0.238983975 -0.05343720332 -0.1468778087)
(0.4864372866 0.01211599762 -0.310932017)
(0.3764158372 -0.06920473543 -0.1842322506)
(2.344082531 0.2425900605 0.8123147005)
(0.5808553247 -0.1160295053 0.4653380406)
(0.762900603 0.02285412274 0.715098831)
(0.9747051793 -0.08388210906 0.6193024059)
(0.4170227355 -0.02227236847 0.3405926879)
(0 0 0)
(0 0 0)
(0.1691758698 -0.0422528947 0.1458118287)
(1.378155678 -0.02692772943 0.6233398119)
(0.8757090706 -0.1677699596 0.3844315671)
(0.6603078312 0.1270715051 0.4807001348)
(0.7851045659 0.06532138664 0.3508345491)
(1.152581097 -0.1153839337 0.7169659968)
(0 0 0)
(0.994895081 -0.03433062827 0.7040165461)
(0 0 0)
(0 0 0)
(0 0 0)
(0 0 0)
(1.220279604 -0.2858428197 0.9118852804)
(1.092738171 -0.06437816172 0.5444784868)
(1.126019564 -0.2074466627 0.5521396172)
(1.169262687 -0.03295987498 0.5829319975)
(0 0 0)
(0.6895165185 -0.001660472768 0.4079521039)
(1.26844756 -0.06222696682 0.3894021478)
(1.518249028 0.1481385162 0.6874362869)
(1.782611859 -0.009954044111 0.857022798)
(1.658624493 -0.005490267755 0.998725455)
(1.653795543 -0.04932342255 1.151396466)
(0 0 0)
(2.490224266 0.3431972051 1.283048443)
(1.702551309 -0.09395884705 0.6556034388)
(0 0 0)
(1.212938177 -0.02526692519 0.6953136731)
(0 0 0)
(0.9361825947 -0.215954833 0.4672423538)
(0 0 0)
(0.6882091494 -0.1078173095 0.419787468)
(1.164624612 -0.01361249026 0.4776682312)
(0.334012871 -0.1632570129 0.1945085952)
(0.02138385087 -0.04088881613 0.04746145425)
(0.03333883888 -0.05428727649 0.03227192735)
(0 0 0)
(1.561345922 -0.1909388052 0.8115945415)
(1.735200678 0.03134979033 0.9938655833)
(0 0 0)
(1.927989096 0.2824466658 0.7849509112)
(0 0 0)
(0 0 0)
(1.298718713 -0.2633280917 0.6462919483)
(0 0 0)
(0 0 0)
(0 0 0)
(1.701804693 -0.2761143502 0.7726168456)
(0.01090762364 -0.03052158618 -0.01709989488)
(1.66786444 0.06430521619 0.9223461006)
(1.770240268 -0.001466513249 0.9587026834)
(1.580102479 0.01647495131 0.7150672575)
(2.086110184 -0.3299748743 0.9509570886)
(0 0 0)
(0 0 0)
(1.996151892 -0.2000908262 0.9151273155)
(0 0 0)
(1.670979207 -0.1618027352 0.7995593702)
(0 0 0)
(0 0 0)
(0 0 0)
(-0.0006159959248 -0.01483071747 -0.0109948051)
(2.042826347 0.09291510671 0.9882282634)
(2.406363569 -0.3527773592 1.091359233)
(0 0 0)
(0 0 0)
(2.661584634 -0.1539184735 1.020333987)
(1.808962939 -0.1254946508 0.8431027054)
(2.508447264 -0.3333379456 0.9510429227)
(1.976318793 -0.09807841977 0.824741812)
(0 0 0)
(1.818637107 -0.4088331843 1.052262565)
(0 0 0)
(0 0 0)
(0 0 0)
(0 0 0)
(2.154735549 0.0939604212 0.9228058478)
(0 0 0)
(2.361803135 -0.1609888433 0.7238023506)
(0 0 0)
(2.520466885 -0.2137775592 1.09390864)
(1.769764093 -0.01476750704 1.056317687)
(0 0 0)
(0 0 0)
(0 0 0)
(1.914748317 0.1442457337 0.7608244128)
(1.992858763 -0.06279816209 0.8396348135)
(0 0 0)
(0 0 0)
(0 0 0)
(0.304021255 -0.200049943 0.1159096486)
(0 0 0)
(0 0 0)
(0 0 0)
(0 0 0)
(2.571741172 -0.1581115435 0.7966661658)
(2.326976922 -0.07251293564 0.6771494145)
(1.837150065 -0.03817279727 0.7265619887)
(2.092200325 -0.3421612894 0.8300664597)
(2.023071719 -0.01918812908 0.8095197638)
(0.07194340705 -0.04629470634 0.1046175399)
(0 0 0)
(2.950439129 -0.1426750374 1.285915457)
(0 0 0)
(3.056817643 -0.18604123 1.037350404)
(2.729765282 -0.3240268392 0.9864503845)
(2.299057607 -0.2419781598 0.6118145088)
(2.253817844 -0.3157162184 0.6685768329)
(1.880876025 -0.5661614253 0.121458805)
(0.01367025863 -0.00908955825 -0.02067041884)
(3.452092196 -0.09178871122 1.092876073)
(3.098892172 0.01944186528 0.9365682109)
(2.598919622 -0.3135882312 0.5337336319)
(2.777714052 -0.03658183676 0.7937839063)
(3.266766181 -0.1634018536 0.5561066676)
(0 0 0)
(2.375045864 -0.5424542923 0.5639972035)
(3.016911141 -0.2407506678 0.9100762744)
(0.3023143146 -0.03585086083 -0.1180916323)
(0.07469601658 -0.07638110598 -0.02241717963)
(0.04983204902 -0.05908693356 -0.04668315999)
(0 0 0)
(0 0 0)
(0 0 0)
(0 0 0)
(0 0 0)
(2.920460212 -0.1288428238 0.966482398)
(0 0 0)
(0 0 0)
(2.602571906 0.1792626906 0.8801434742)
(0 0 0)
(0 0 0)
(0.05767289127 -0.113966429 -0.06782275691)
(0.05817077047 -0.04696990933 -0.02126008282)
(2.840128016 -0.1516553431 1.015054529)
(0 0 0)
(0 0 0)
(3.707144873 0.1844149294 1.055922188)
(2.974034478 0.02508745721 0.9554692827)
(2.808807794 -0.2582210272 0.9040482562)
(0 0 0)
(0 0 0)
(2.680512095 0.05282622463 0.7774879712)
(2.989880062 0.1471733629 1.214642207)
(0 0 0)
(0.156160353 -0.1584083446 0.009474848254)
(0.1501041348 -0.0946952398 -0.07356296794)
(0.446594609 -0.2364585244 -0.1310965262)
(0.1345144726 -0.1058966972 -0.08584972082)
(0.02389569735 -0.0289073239 -0.04260423308)
(0 0 0)
(0 0 0)
(0 0 0)
(0 0 0)
(0 0 0)
(-0.004287694665 -0.01495214666 -0.01434112657)
(3.375099005 -0.1545571997 1.079396124)
(0 0 0)
(0 0 0)
(3.457524666 -0.2484994023 0.2164813671)
(0.001052986381 -0.0559092803 0.00261237952)
(0.01405132603 -0.008990951652 -0.01832308448)
(0.978332175 -0.351744229 -0.1736441729)
(0.354303681 -0.3238038121 -0.1995514156)
(0.05212664954 -0.04872372811 -0.02791571079)
(0.2007383839 -0.04237525539 -0.05362920091)
(3.610422006 0.4208173904 0.8654799759)
(4.458375683 -0.3263204741 1.22728944)
(3.457228989 0.1812130539 0.7361084679)
(4.247073996 0.07683712971 0.6505732407)
(0 0 0)
(0 0 0)
(0.3506813392 -0.2276949138 -0.2087595921)
(0 0 0)
(0 0 0)
(3.307690515 -0.08565224329 -0.1186062092)
(1.778739858 -0.01783636659 -0.4992303092)
(2.218387139 -0.2819193964 -0.5328616115)
(1.379315543 0.01901193812 -0.5788778458)
(2.381992238 -0.2194701075 -0.4550482037)
(1.908190049 -0.1915723024 -0.3705505922)
(0.8953510542 0.06777965861 -0.5682655837)
(0.7879079615 -0.1685260728 -0.4692227888)
(0.3519496752 0.001325944582 -0.207702331)
(0.2216691997 -0.0563068885 -0.08190460947)
(0.4854366486 -0.112953073 -0.4870876317)
(0.4539061012 0.02026068672 -0.239485969)
(0.5933455355 0.00679478275 -0.1888648658)
(0.3935941335 -0.07762359516 -0.2812860478)
(0.1510678804 0.0242273655 -0.1198920621)
(0.2430216329 -0.02708925998 -0.1145019071)
(0.24709081 -0.1860760558 -0.05662534295)
(0.03361126231 -0.07143524894 -0.1159218971)
(0.07167670336 -0.04341379602 -0.04541283876)
(0.5441990474 -0.1029269323 -0.4111219267)
(0.4888419827 0.03086252928 -0.3213862848)
(0.5899230077 -0.008815429899 -0.415013942)
(0.5223875102 -0.1623362757 -0.3891550282)
(0.6691672264 0.01914284219 -0.5043687834)
(0.5451504605 -0.04457683111 -0.4800867428)
(0.1749492044 -0.00854535898 -0.164262518)
(0.3521592848 -0.01753281887 -0.2232541932)
(0.6047102586 -0.1391280328 -0.2866850644)
(0.5660962303 -0.08855659422 -0.2809492515)
(0.2191231832 -0.07133497985 -0.1437760321)
(0.1627899329 -0.008933481553 -0.1553421709)
(0.5817145498 -0.1199754359 -0.3210725198)
(0.4762259111 -0.2207166279 -0.1835611075)
(0.3428772268 -0.1006203679 -0.09728560088)
(0.002527346632 0.007109274078 -0.03265197254)
(0.1911263111 -0.07203138778 -0.1135127487)
(0.07991232167 -0.03112515111 -0.03050897522)
(0.07719302892 -0.03189554351 -0.04373794255)
(0.03392100538 -0.0829361814 -0.02481688474)
(0.3621869874 -0.05506792267 -0.2273205446)
(0.5116572 -0.01834801505 -0.2417768077)
(0.1959275762 0.00726440223 -0.08690263853)
(0.3125254303 0.01953885568 -0.2044630474)
(0.3293698791 -0.02265913733 -0.2015363078)
(0.3371549158 -0.08946886035 -0.1127909307)
(0.1779259403 -0.08791169565 -0.09397354408)
(0.2010250686 -0.1603899331 -0.07344082169)
(0.3534872404 -0.08615226685 -0.1695587249)
(0.1205678005 -0.08801224901 -0.08588743404)
(0.07994485929 -0.06763660208 -0.04066016154)
(0.6454645483 -0.04352063235 -0.2575984468)
(0.0915171017 0.03810814493 -0.08025718634)
(0.5743859066 -0.06107573957 -0.2429464462)
(0.3672974719 0.06308586031 -0.2181002708)
(0.5762023812 -0.01563537318 -0.2360634322)
(0.0181912798 -0.02347215034 0.01409533262)
(0.02803602306 -0.03480172401 0.04902702454)
(0.1031388381 -0.03345734493 0.1104852011)
(0 0 0)
(0 0 0)
(0 0 0)
(0 0 0)
(0 0 0)
(0 0 0)
(0 0 0)
(0 0 0)
(0 0 0)
(1.042949068 0.07444754327 0.6081888818)
(0 0 0)
(0 0 0)
(0 0 0)
(0 0 0)
(0.6671075194 0.02148239807 0.3604460154)
(0.1575658568 -0.1111174778 0.1116264979)
(0 0 0)
(0.02268952105 -0.03351631046 0.06434943597)
(1.526319698 0.05351553323 1.033000038)
(0 0 0)
(0 0 0)
(0 0 0)
(0 0 0)
(0 0 0)
(0 0 0)
(0 0 0)
(0 0 0)
(1.338713023 -0.1876301013 0.8225110966)
(0 0 0)
(0 0 0)
(0 0 0)
(0.9662124086 -0.09970303022 0.5808912636)
(0 0 0)
(0 0 0)
(0 0 0)
(1.080561177 -0.09193111236 0.8050203692)
(0 0 0)
(0 0 0)
(0 0 0)
(0.4352995233 -0.06827972404 0.1892396769)
(-0.0008763617442 -0.01936611051 0.02332929298)
(0 0 0)
(0 0 0)
(0 0 0)
(0.09931803028 -0.05326571876 0.1405877617)
(0.03864218217 -0.02340459483 0.0217388935)
(0.1662523802 -0.2161164289 0.1215713778)
(0 0 0)
(0 0 0)
(0 0 0)
(0 0 0)
(0 0 0)
(0 0 0)
(0 0 0)
(0 0 0)
(0 0 0)
(0 0 0)
(0 0 0)
(0 0 0)
(0 0 0)
(0 0 0)
(0 0 0)
(1.105380024 -0.1288476746 0.5133742081)
(0 0 0)
(0 0 0)
(0 0 0)
(0 0 0)
(0 0 0)
(0 0 0)
(0 0 0)
(0 0 0)
(0 0 0)
(0 0 0)
(0.1396126859 -0.1316098463 0.0840230859)
(0.01826133138 -0.0571250308 -0.01442354095)
(0 0 0)
(0.002728186332 -0.02243975424 0.01018185225)
(0 0 0)
(0 0 0)
(0 0 0)
(0 0 0)
(0 0 0)
(2.274147663 -0.08472593408 1.079537334)
(0 0 0)
(0 0 0)
(0 0 0)
(0 0 0)
(0 0 0)
(0 0 0)
(1.68686925 -0.2363326634 0.7939730012)
(0 0 0)
(0 0 0)
(0 0 0)
(0 0 0)
(0 0 0)
(0 0 0)
(0 0 0)
(0 0 0)
(0 0 0)
(0 0 0)
(0 0 0)
(-0.02902566918 -0.03478530805 0.01852471193)
(0 0 0)
(0.02427077617 -0.04578912978 0.01160417206)
(0 0 0)
(0 0 0)
(0.1899308356 -0.1410766807 0.1256574066)
(0.09832204311 -0.06434043814 0.03428829183)
(0 0 0)
(0 0 0)
(0 0 0)
(0 0 0)
(0 0 0)
(0 0 0)
(0 0 0)
(0 0 0)
(0 0 0)
(-0.0152703276 -0.01673850104 0.03791332285)
(0 0 0)
(0 0 0)
(0 0 0)
(0 0 0)
(0 0 0)
(1.655768086 -0.2022675416 0.7666031459)
(2.165265738 -0.3122530339 0.7147112493)
(2.129263821 -0.5002964544 1.022000026)
(0.02048025983 -0.09419054327 0.005945643558)
(0 0 0)
(0 0 0)
(0 0 0)
(0 0 0)
(0 0 0)
(0 0 0)
(0 0 0)
(0 0 0)
(0.01369597893 -0.02883043874 -0.003700735002)
(0 0 0)
(-0.01182173 -0.004749980475 -0.00114824442)
(0 0 0)
(0 0 0)
(0.8614867545 -0.17393217 0.388310895)
(0 0 0)
(0 0 0)
(0.1592811363 -0.1898783504 0.03998350829)
(0.1409747665 -0.1257214939 0.06814387764)
(0.01245062987 -0.02279767915 -0.009297980249)
(0 0 0)
(0 0 0)
(0 0 0)
(0 0 0)
(0 0 0)
(0 0 0)
(0 0 0)
(0 0 0)
(0 0 0)
(0 0 0)
(0 0 0)
(0 0 0)
(0 0 0)
(0 0 0)
(1.678126106 -0.4426821528 0.6661146184)
(2.038036506 -0.1039368134 0.8164001267)
(0 0 0)
(0 0 0)
(0 0 0)
(0 0 0)
(0 0 0)
(0 0 0)
(0 0 0)
(0 0 0)
(0 0 0)
(0 0 0)
(0 0 0)
(0 0 0)
(0 0 0)
(0 0 0)
(0 0 0)
(0 0 0)
(0.8687560541 -0.2628884321 0.247750654)
(0.1419479361 -0.1098687133 0.1293412364)
(0.129821495 -0.05994394009 -0.02255272647)
(0.01712803147 -0.001629174675 0.02773245705)
(0.03281814158 -0.02668792632 0.0005856895476)
(0 0 0)
(0.02600216141 -0.07751369789 0.03062138044)
(0 0 0)
(0 0 0)
(0 0 0)
(0 0 0)
(0 0 0)
(0 0 0)
(0 0 0)
(0 0 0)
(0 0 0)
(0 0 0)
(2.429790044 -0.2782567817 0.9672988414)
(0 0 0)
(0 0 0)
(0 0 0)
(0 0 0)
(0 0 0)
(0 0 0)
(0 0 0)
(0 0 0)
(0 0 0)
(0 0 0)
(0 0 0)
(0 0 0)
(0 0 0)
(0 0 0)
(0 0 0)
(1.316201145 -0.3673228385 0.6291341829)
(1.847616557 -0.2724665204 0.7176738973)
(1.394291416 -0.2960651502 0.5760622476)
(1.763701174 -0.4126454363 0.762247237)
(0.01291475186 -0.04495215955 -0.01661858568)
(0 0 0)
(0 0 0)
(0 0 0)
(0 0 0)
(0.02906870156 -0.06229023671 0.008270171544)
(0 0 0)
(0 0 0)
(1.531615831 -0.2650506715 0.9534913112)
(1.089559841 -0.2983920611 0.2442015853)
(0.4729738131 -0.2041748028 0.2159042628)
(0.4657694202 -0.1996803554 0.1423819545)
(0.08837929713 -0.09682382826 -0.02107800075)
(0.03323712649 -0.02641198923 -0.02351375608)
(0.06599463767 -0.06566405315 0.04818370047)
(0 0 0)
(0 0 0)
(0 0 0)
(0 0 0)
(0.01077810411 -0.02144694171 -0.002599211557)
(0 0 0)
(0 0 0)
(0 0 0)
(2.465391312 -0.1379509684 0.8948496149)
(0 0 0)
(0 0 0)
(0 0 0)
(0 0 0)
(0 0 0)
(0 0 0)
(0 0 0)
(0 0 0)
(0 0 0)
(0 0 0)
(0 0 0)
(0 0 0)
(0 0 0)
(0 0 0)
(0 0 0)
(0 0 0)
(1.951785264 -0.3604768862 0.7233921348)
(0 0 0)
(-0.0002384430479 -0.01044013363 0.003426090623)
(2.200173407 -0.2610731108 0.5777439627)
(2.080842166 -0.3407180183 0.8628309813)
(0 0 0)
(0 0 0)
(0 0 0)
(0 0 0)
(0.04068423713 -0.06444157516 -0.02553080166)
(0 0 0)
(0 0 0)
(0 0 0)
(0.0844607169 -0.09563736061 -0.04287999904)
(0 0 0)
(0 0 0)
(0 0 0)
(1.68123175 -0.408395254 0.3668516884)
(0.5472293379 -0.1612113235 0.1051966323)
(0.07373183401 -0.116973476 -0.01041772988)
(0 0 0)
(0 0 0)
(0 0 0)
(0.2156514507 -0.137348401 -0.04799484443)
(0 0 0)
(0 0 0)
(0 0 0)
(0 0 0)
(0 0 0)
(0 0 0)
(0 0 0)
(0 0 0)
(0 0 0)
(3.250156863 -0.3153740816 1.221844391)
(0 0 0)
(0 0 0)
(0 0 0)
(0 0 0)
(0 0 0)
(0 0 0)
(0 0 0)
(0 0 0)
(0 0 0)
(0.0006747126147 -0.02032967604 -0.008633488427)
(0 0 0)
(0 0 0)
(0 0 0)
(1.987212794 -0.395915296 0.8479616488)
(2.65625031 -0.5814233438 0.9690667892)
(0 0 0)
(0 0 0)
(0 0 0)
(1.956312523 -0.4230552588 0.9605669369)
(0 0 0)
(0 0 0)
(0 0 0)
(0 0 0)
(0 0 0)
(2.329310124 -0.1249390597 0.9872209729)
(0.02898678685 -0.03581888774 -0.008982143315)
(0 0 0)
(0 0 0)
(0 0 0)
(0 0 0)
(1.409793778 -0.366697022 0.2484317435)
(0.5087614049 -0.2480742966 0.1377008538)
(0.7559912271 -0.3591401917 0.08786366279)
(0.2247745169 -0.1468501493 -0.03479751823)
(0.0945340192 -0.08300374165 0.0004339058253)
(0.07252479371 -0.09498947576 -0.02352002664)
(0.02623517536 -0.0258329855 -0.005127171356)
(0 0 0)
(0 0 0)
(0 0 0)
(0 0 0)
(0 0 0)
(0.02382863461 -0.04812300789 -0.02448140594)
(0 0 0)
(0 0 0)
(0 0 0)
(0 0 0)
(0 0 0)
(0 0 0)
(0 0 0)
(0 0 0)
(0 0 0)
(0 0 0)
(0 0 0)
(0 0 0)
(0 0 0)
(0 0 0)
(0 0 0)
(0 0 0)
(0 0 0)
(0 0 0)
(2.45496598 -0.0845715602 0.9266548744)
(0 0 0)
(0 0 0)
(0 0 0)
(0.01070552539 -0.03424317736 -0.00248685324)
(0 0 0)
(0 0 0)
(0 0 0)
(0 0 0)
(0 0 0)
(2.263516531 0.08180718563 0.9342525265)
(0.02098916438 -0.04372315084 -0.04623872106)
(0.02563191105 -0.03388028291 -0.04657007146)
(0.03712611359 -0.05943185367 -0.005775825656)
(0 0 0)
(0.007461536498 -0.0178212684 0.001155209158)
(0 0 0)
(0 0 0)
(0 0 0)
(0 0 0)
(-0.003222523408 -0.0431903326 -0.008197742603)
(0.04276218209 -0.03739020924 -0.04571582118)
(0 0 0)
(0.03188083717 -0.04951984222 0.01663990766)
(3.048734969 -0.7847378926 0.3215683343)
(0.8433015665 -0.3418154794 -0.07306020244)
(0.1417908138 -0.1377697301 -0.03292721438)
(0.1872488099 -0.1217186463 -0.05011811581)
(0.03891901076 -0.06161019056 0.01237647523)
(0.06504033227 -0.02466579692 -0.01195108202)
(0.1681414851 -0.09013620709 -0.04945280087)
(0 0 0)
(0.1288280426 -0.1764472464 -0.105586287)
(0 0 0)
(0.02671022853 -0.02329489287 -0.01512417439)
(0 0 0)
(0.0230401489 -0.01179199282 -0.009346533702)
(0.0580937254 -0.07113191613 -0.03919597755)
(0 0 0)
(0 0 0)
(0 0 0)
(0 0 0)
(0 0 0)
(0 0 0)
(0 0 0)
(0 0 0)
(0 0 0)
(0 0 0)
(0 0 0)
(2.861395168 -0.4273843397 0.6489206583)
(0 0 0)
(0 0 0)
(0 0 0)
(3.156284016 -0.3465540006 0.6862540679)
(0 0 0)
(0.008610853342 -0.01906725072 0.02301594778)
(0 0 0)
(0 0 0)
(0 0 0)
(0 0 0)
(0 0 0)
(0 0 0)
(0 0 0)
(0 0 0)
(0 0 0)
(0 0 0)
(0 0 0)
(3.181338057 -0.111724422 1.277037396)
(0.03776590097 -0.04689188321 0.005131190451)
(-0.01283172852 -0.0446149241 0.003176290265)
(0.007790854353 -0.0322154243 0.0007352318367)
(0.1025382648 -0.04272437151 -0.02497714091)
(0.01573655547 -0.03329371499 -0.004131470501)
(0 0 0)
(0 0 0)
(0 0 0)
(2.542657363 -0.5811914557 0.3342689224)
(2.1504079 -0.4379141712 0.1094853441)
(0 0 0)
(0.1080134794 -0.03579457945 -0.07871661689)
(0 0 0)
(0.1234975047 -0.1118107967 -0.02484088599)
(0 0 0)
(0.05782528213 -0.04937632277 0.01314181036)
(0.04839362953 -0.03517961697 -0.01872381274)
(0.06639482335 -0.03135908877 -0.06010442172)
(0 0 0)
(0.01891332698 -0.01681230294 -0.01037454266)
(0 0 0)
(1.650868211 -0.6173768306 0.0005798007182)
(0.8699248389 -0.3697687052 0.05967049989)
(0.2236849645 -0.1052117363 -0.1005370086)
(0.3021428145 -0.203144156 -0.1363680703)
(0.04365076113 -0.005359639438 -0.03987607784)
(0.03151461143 -0.04691711761 -0.02884818909)
(0.04452787367 -0.03724621842 -0.01275611937)
(0.05325596956 -0.03388720556 -0.04242642988)
(0 0 0)
(0 0 0)
(0 0 0)
(0 0 0)
(0 0 0)
(0 0 0)
(0 0 0)
(0 0 0)
(0 0 0)
(0 0 0)
(0 0 0)
(0 0 0)
(0 0 0)
(0 0 0)
(0 0 0)
(0 0 0)
(0 0 0)
(0 0 0)
(0 0 0)
(0 0 0)
(0 0 0)
(0 0 0)
(0 0 0)
(0 0 0)
(0 0 0)
(0.02519448528 -0.01353100737 -0.02329126786)
(0 0 0)
(0.01713086235 -0.01997207084 0.0002247715171)
(0.01905901472 -0.05943642419 -0.01870078786)
(3.200494824 -0.5839635467 0.4155286709)
(2.411457622 -0.4627227695 -0.113295207)
(0.03485602166 0.001100471215 -0.069242646)
(0.02374202557 -0.0602868741 -0.002136708442)
(0.01468600493 -0.03306509496 0.003787230315)
(0.09286436742 -0.1022669213 -0.05722072127)
(0 0 0)
(0.0446080185 -0.05165714999 -0.04798700173)
(0.01398923281 -0.0225364774 -0.02380149079)
(0 0 0)
(0 0 0)
(0.02387232029 -0.02684774106 0.004170773318)
(0.8664487207 -0.3671072595 -0.03545524855)
(0.4790571199 -0.2602169735 -0.0573043587)
(0.09234635327 -0.09349997473 -0.08864065739)
(0.1255203368 -0.03388749726 -0.1228380515)
(0.01904676938 -0.00278025609 -0.00943361821)
(0.08292749328 -0.02030009209 -0.06869961163)
(0.02512913779 -0.01907299956 -0.04683677938)
(0.1826530582 -0.1147034427 -0.08022164027)
(0.06401845801 -0.03111825882 -0.04058537144)
(0.01744600775 -0.07789123939 -0.009457293323)
(0 0 0)
(0 0 0)
(0 0 0)
(0 0 0)
(0 0 0)
(0 0 0)
(0 0 0)
(0 0 0)
(0 0 0)
(0 0 0)
(0 0 0)
(0 0 0)
(0 0 0)
(0 0 0)
(0 0 0)
(3.010708644 -0.1962066701 1.536853388)
(0 0 0)
(0 0 0)
(0.008760093148 -0.0302833147 0.001432789901)
(0 0 0)
(0 0 0)
(0.006233719538 -0.007301272726 -0.0211715586)
(0 0 0)
(0 0 0)
(0 0 0)
(0 0 0)
(0.02580670532 -0.03589258283 -0.0242118055)
(0 0 0)
(2.717356164 -0.2106585559 0.1931716032)
(2.129720096 -0.4982385921 -0.2909618053)
(0.05216297251 -0.08325114295 -0.03077752947)
(0.1042149523 -0.09044867691 -0.02539963793)
(0 0 0)
(-0.007023978399 -0.01717459709 -0.01225118653)
(0 0 0)
(0.0173690518 -0.02291104243 -0.0160981627)
(0.04304104758 -0.05249210017 -0.04073931474)
(0.01636397219 -0.01655541919 -0.00995295639)
(0.02214091457 -0.01622382643 -0.010956236)
(0.9801942784 -0.3479865193 -0.2152663832)
(0.4346842495 -0.1794824429 -0.2450339761)
(0.1967790986 -0.1451316603 -0.1506853652)
(0.3519215257 -0.102973582 -0.2092036683)
(0.0742938423 -0.05061771404 -0.05842727666)
(0.1052780338 -0.05969413881 -0.02065779064)
(0.1527866824 -0.1087324362 -0.1000536469)
(0.1072457659 -0.02440291216 -0.1108548716)
(0.1978981508 -0.08096515026 -0.1213538951)
(0.3606134399 -0.121948248 -0.1449179549)
(0.03537150722 -0.09210866942 -0.02071397937)
(0.09295497143 -0.06130421472 -0.04575147986)
(0.1083878324 -0.0904503913 -0.08293644535)
(0.2625501825 -0.1150747106 -0.1128790637)
(0 0 0)
(0 0 0)
(0.1612220611 -0.04737275508 -0.06934889105)
(0 0 0)
(0.06831164541 -0.06789866488 -0.03043326038)
(0.2035905926 -0.1666971222 -0.1035159476)
(0 0 0)
(0.0691571014 -0.03745139397 -0.05679918747)
(0.3460366052 -0.0622574018 -0.3240355816)
(0.2318461414 -0.03437058992 -0.126086962)
(0.1164563261 -0.03600147793 -0.08810738915)
(0 0 0)
(0 0 0)
(0 0 0)
(0 0 0)
(0 0 0)
(0 0 0)
(0 0 0)
(0 0 0)
(0 0 0)
(3.386949696 0.01585474277 1.367069419)
(0 0 0)
(0 0 0)
(0 0 0)
(0 0 0)
(0 0 0)
(0 0 0)
(3.017023999 -0.0432558807 0.3141263552)
(2.822801649 -0.3580588519 -0.2910880523)
(0 0 0)
(0 0 0)
(0.01110088974 -0.01346121095 -0.02151578248)
(0 0 0)
(0 0 0)
(0 0 0)
(1.050093802 -0.367385554 -0.1714263327)
(1.154296311 -0.140455444 -0.2959712934)
(0.3409683313 -0.1359349985 -0.177414164)
(0.08190432745 -0.06681078951 -0.02425003507)
(0 0 0)
(0.1119764393 -0.09778993631 -0.08562808032)
(0.002323006354 -0.006906042833 -0.02522837538)
(0.02624685508 -0.01632223536 -0.03709503407)
(0 0 0)
(2.015061637 -0.5376783251 -0.1675740841)
(1.079380057 -0.382540149 -0.2207517681)
(0.2473797123 -0.1091117793 -0.1394697853)
(0.4304654511 -0.1498758559 -0.2658837966)
(0.3015696778 -0.1582635427 -0.2379789218)
(0.190200181 -0.1591986839 -0.08396147311)
(0.187349826 -0.1184349173 -0.1204685976)
(0.2288773013 -0.1281664634 -0.1199997893)
(0.09685419707 -0.08902975636 -0.07303015747)
(0.2825665098 -0.09849274272 -0.1270952921)
(0.1774981962 -0.09994280193 -0.0677792431)
(0.1879654146 -0.07616502038 -0.1744035526)
(0.1409870421 -0.07945571514 -0.06903760361)
(0.1073805548 -0.0504470339 -0.06324077078)
(0.0559171919 -0.04722052039 -0.05416640068)
(0.06251812357 -0.05757496234 -0.05080827686)
(0.05784566423 -0.0345943986 -0.07972983787)
(0 0 0)
(0.05071401806 -0.04919479827 -0.0504346208)
(0.09689893542 -0.05086520796 -0.04002736909)
(0.03250673452 -0.04110875872 -0.07875280972)
(0.06714184585 -0.03842277253 -0.07396851919)
(0.03364881719 -0.04448684081 -0.005660246533)
(0.05853398132 -0.05452549068 -0.008307882155)
(0.06707972974 -0.06104844927 -0.006945593803)
(0.06821091121 -0.05252909796 -0.08419923033)
(0.3107423329 -0.0807866249 -0.1906966613)
(0.1479088341 -0.002072030198 -0.03884338167)
(0 0 0)
(0 0 0)
(0 0 0)
(0 0 0)
(0 0 0)
(0 0 0)
(0 0 0)
(0 0 0)
(0 0 0)
(0 0 0)
(0 0 0)
(0 0 0)
(0 0 0)
(-0.0002200735979 -0.02324304079 0.01359765411)
(0 0 0)
(1.53541759 -0.2852777828 -0.3245283792)
(0.6557040609 -0.05387097495 -0.493381317)
(0 0 0)
(-0.01681453101 -0.02782139824 -0.01191434402)
(0 0 0)
(0.02242799655 -0.02273643347 -0.01288555197)
(0 0 0)
(1.844963634 -0.430718214 -0.5192570454)
(0.5225807932 -0.07551006113 -0.2586193869)
(0.1541568958 -0.07194291971 -0.2677352104)
(0.7126298916 -0.1808230717 -0.3301299279)
(0.758395219 -0.2261178397 -0.3783750122)
(0.4589001444 -0.1607403044 -0.2724370317)
(0.472924278 -0.01816863711 -0.3402121397)
(0.7520122043 -0.1198203519 -0.3551855362)
(0.4939118303 -0.1185473627 -0.2362034878)
(0.4541265185 -0.07415953015 -0.2070480667)
(0.3000492043 -0.193038031 -0.1633189229)
(0.01580858136 -0.01830763016 -0.02474945951)
(0.06516586018 -0.07712952463 -0.03723821613)
(0.03274269269 -0.02785067112 0.008362919053)
(0.06944963818 -0.03825925248 0.001471782525)
(0 0 0)
(0.04590240936 -0.02913015424 -0.024713439)
(0 0 0)
(0 0 0)
(0 0 0)
(0.06397405578 -0.05336537257 -0.001225741847)
(0 0 0)
(0 0 0)
(0.7157045556 -0.2121237909 -0.2200072012)
(0.2581746401 -0.170784418 -0.2380509821)
(0.458410107 -0.1013844623 -0.1637006483)
(0.1085951269 -0.03789281801 -0.2046215977)
(0.6364670305 -0.01728307429 -0.2737142911)
(0.1902173935 -0.1022425899 -0.1598222713)
(0.3625022346 -0.1801060714 -0.1803322299)
(0.2017808732 -0.1332872892 -0.1695889111)
(0.4576343969 -0.2587370221 -0.1891188674)
(0.09022756003 -0.06355589248 -0.07495330115)
(0.3910329783 -0.1157995267 -0.116196764)
(0.1431544743 -0.05446608635 -0.03507694082)
(0.2757653913 -0.04654481478 -0.04914819978)
(0.2538253223 -0.08635740173 -0.167488135)
(0.04996091822 -0.04329525369 -0.04209996258)
(0.09402825521 -0.08822558774 -0.06176639694)
(0 0 0)
(0.04016047291 -0.04712946684 -0.05479125039)
(0.08685907304 -0.02491211693 -0.07537090431)
(0.2422921974 -0.129867669 -0.08543554713)
(0.3717970136 -0.1153023693 -0.1787982764)
(0.09664363243 -0.05890324854 -0.02964545018)
(0.04953248739 -0.04673162952 -0.02543613728)
(0.1602251001 -0.05613920779 -0.1126946863)
(0.1026549097 -0.07277338737 -0.03364952602)
(0.07293025717 -0.06295114949 -0.03338609922)
(0.1112603479 -0.049050024 -0.03093325719)
(0.09894778113 -0.03634016227 -0.05814522469)
(0.05629091569 -0.04523077027 -0.003666922477)
(1.57417393 -0.06243844422 -0.4517630954)
(0.7767372003 -0.08217984605 -0.3362270189)
(0.5644033419 0.01970012806 -0.2655191388)
(0.5704854045 0.06634684157 -0.4520232624)
(0.9440224193 -0.06996270352 -0.5914454141)
(0.6319177595 -0.01401639013 -0.3212769891)
(0.4672732605 -0.05324388836 -0.4240333847)
(0 0 0)
(0 0 0)
(0 0 0)
(1.909211185 -0.2756766013 -0.5474293904)
(0.5963561676 -0.01138672454 -0.2868518443)
(0.4528486984 0.014264999 -0.3087279381)
(0.7211587739 -0.2654853801 -0.3003447969)
(0.5050767724 -0.09736122007 -0.4600050538)
(0.5645182446 0.01562196664 -0.1940051976)
(0.7673634593 0.05690455708 -0.4229265458)
(0.4779991435 -0.04403873456 -0.2982791289)
(0.006590788916 -0.002619243433 -0.02254443671)
(0 0 0)
(0 0 0)
(0.988487641 -0.1116610653 -0.2128413194)
(0.6920516 -0.1295293782 -0.3397330847)
(0.5442011035 -0.07457445656 -0.3175995558)
(0.4136241753 -0.1377738078 -0.1761685884)
(0.8164675115 -0.04426936161 -0.3039379099)
(0.5912381059 0.03351182103 -0.2555154868)
(0.8141854619 -0.1214517235 -0.3508293567)
(0.8234579994 -0.005053353123 -0.3757149057)
(0 0 0)
(0 0 0)
(0 0 0)
(0.3961635357 -0.0544364937 -0.2539748784)
(1.658023429 -0.08923934795 -0.4787783648)
(0.5516102404 -0.04994171267 -0.2583950122)
(0.6030786057 -0.164712316 -0.3219059151)
(0.5394607455 -0.1945108095 -0.3859597943)
(0.466657726 -0.04812999603 -0.3446129988)
(0.551393102 -0.0005310155215 -0.2823191705)
(0.2414706468 0.01958720148 -0.1906693289)
(0.3479260318 0.09091240251 -0.3159191897)
(0.5657400356 -0.2170872294 -0.4031426262)
(0.3149963331 -0.01642221982 -0.1213382475)
(0.4583035629 -0.1086066672 -0.3416216239)
(0 0 0)
(0 0 0)
(0 0 0)
(0 0 0)
(0 0 0)
(0.4389790015 -0.1683730474 -0.2938620776)
(0.4847013655 -0.0697482561 -0.340832725)
(0.4224940671 -0.2098944679 -0.1083666367)
(0.3091486148 -0.09991757581 -0.1344021028)
(0.5795756291 -0.1595847804 -0.3656130873)
(0.5036679674 -0.1966611268 -0.2234213812)
(0.2889372804 -0.09610896515 -0.2255052058)
(0.2711418209 -0.0853614718 -0.1954527351)
(0.5149819511 -0.1332885384 -0.2283718355)
(0.3388756824 -0.1313400441 -0.204221552)
(0.3511418312 -0.1224816913 -0.1973065594)
(0.4133589646 -0.1136379652 -0.2866307449)
(0.3524120428 -0.01526982159 -0.1332151103)
(0.4901488238 -0.2200091367 -0.1354508535)
(0.3760458178 -0.04041860373 -0.2118015672)
(0.1998976764 -0.1130088397 -0.1116160755)
(0.2129219236 -0.05764417642 -0.07103817012)
(0.2034974764 -0.05980384433 -0.1689148151)
(0.4816715292 -0.252691901 -0.1719447226)
(0.2099356702 -0.112230118 -0.1305375702)
(0.03817901021 -0.01261493272 -0.04572856319)
(0.1200113 -0.03114431862 -0.06016500206)
(0.04957353752 -0.06246061408 0.0265048561)
(0.07737358057 -0.08359260837 -0.0436589895)
(0 0 0)
(0 0 0)
(0 0 0)
(0 0 0)
(0 0 0)
(0.3565221621 -0.1739418921 -0.1727177467)
(0.3025596748 -0.0501441212 -0.1891131798)
(0.2971307184 -0.1683659783 -0.1336591538)
(0.4248570745 -0.1282199011 -0.1127020192)
(0.1743324432 -0.1364736137 -0.1572635863)
(0.2853231106 -0.08118106153 -0.2233728284)
(0.1025897851 0.003305201833 -0.1122674458)
(0.2122034316 -0.1692889345 -0.1603052973)
(0.3672949624 -0.09505293335 -0.09708796681)
(0.1553004188 -0.001734379177 -0.2117290399)
(0.1866687492 -0.05780656725 -0.1204483523)
(0.2466396167 -0.07137001087 -0.1196951601)
(0.1437150062 -0.04224383375 -0.1572345655)
(0.004241929396 -0.04056573999 -0.04647640569)
(0.2023523574 -0.09962436202 -0.05269093254)
(0.0582666299 -0.03034966199 -0.06423066472)
(0.09111846653 -0.03505623569 -0.09951328689)
(0.1614233953 -0.09573420988 -0.1557017415)
(0.08896596908 -0.05214646737 -0.01281519802)
(0.1202636929 -0.04032892435 -0.06260594745)
(0.09908512804 -0.03382490335 -0.1060487572)
(0.1309715904 -0.1397777556 -0.0594254224)
(0.06115553779 -0.02225689803 -0.05485620142)
(0.06589679251 -0.06656547569 -0.002352752122)
(0.1373618019 -0.09082660165 -0.04722961742)
(0.4724182802 0.09120538444 -0.3021733876)
(1.001719507 0.08333365397 -0.5076516167)
(0.6333236437 0.05376086641 -0.2804883702)
(0.3493523259 -0.01834605941 -0.2351239414)
(0.7054919287 0.01286465075 -0.2778216534)
(0.06908869611 -0.02698199787 -0.06614307291)
(0.4126500585 0.08284565485 -0.2173562171)
(0.0472656556 0.02590385793 -0.07422755214)
(0.6639757869 -0.02532538482 -0.4410233167)
(0.3821762835 -0.07762922314 -0.2409679498)
(0.5736817305 0.1006996621 -0.4084604216)
(0.3844029323 -0.0003005650068 -0.1932687675)
(0.5105748329 -0.1159275059 -0.370188143)
(0 0 0)
(0 0 0)
(0 0 0)
(0 0 0)
(0.2451954186 0.004455324948 -0.2663581777)
(0.7412526034 -0.03326568246 -0.2728147269)
(0.4614012392 -0.1022484438 -0.3384582545)
(0.5601956551 0.0843156629 -0.3056874355)
(0.7920812542 0.07150426959 -0.4658389587)
(0.5452459454 -0.034258801 -0.3864546505)
(0.5677998191 -0.1446130053 -0.4207491079)
(0.3213582992 0.02840094599 -0.2072644395)
(0.3483681566 0.02971384875 -0.239032446)
(0.5305226598 -0.1031977947 -0.3353608989)
(0.8261323905 0.09854170354 -0.5504075276)
(0.4664274325 -0.1337281558 -0.1968414917)
(0 0 0)
(0 0 0)
(0 0 0)
(0.4247992864 -0.006067847965 -0.2313687461)
(0.4262661148 0.07010364676 -0.2408803885)
(0.2870183572 -0.03576857871 -0.1467648799)
(0.6140620648 0.03339126524 -0.4040517526)
(0.1914514977 -0.05078030344 -0.09570411)
(0.8545716586 -0.1104920355 -0.4470274005)
(0.4906465752 -0.0298158984 -0.1891766491)
(0.7026929513 -0.04790571909 -0.3919283182)
(1.092868106 -0.2295415303 -0.5921056958)
(0.6269265826 0.04178280277 -0.5259234347)
(0.4760191534 -0.03337053997 -0.3094416049)
(0.4852286191 -0.0359973227 -0.2336182171)
(0.3632588479 -0.01999662698 -0.1868272408)
(0 0 0)
(0 0 0)
(0.205696206 0.05793229241 -0.1066104232)
(0.5057819826 -0.05790014216 -0.3358947003)
(0.6272891388 -0.2007396275 -0.3379845343)
(0.4794337656 -0.1047353326 -0.2153543359)
(0.3163892308 -0.09889102848 -0.164556491)
(0.4487862624 -0.02091771339 -0.2730896746)
(0.4307030255 -0.05284469187 -0.2655769049)
(0.2545647701 -0.06633798275 -0.1570945169)
(0.3577385883 -0.1272051332 -0.3283007947)
(0.3284396977 -0.08720403659 -0.1737490106)
(0.2755632247 -0.06851378028 -0.1025447175)
(0.3169656274 -0.1220607741 -0.1805918504)
(0.2820753879 -0.05601791791 -0.1403137558)
(0.2965389467 -0.05624609613 -0.0740185225)
(0.3229103556 -0.1457157552 -0.05812887162)
(0.4220807668 -0.09686908701 -0.2279023198)
(0.1397376061 -0.04749144025 -0.0803772843)
(0.3549194801 -0.08533471996 -0.1776883788)
(0.1778674877 -0.05399142195 -0.08658951548)
(0.2039584053 -0.1271866157 -0.07515556873)
(0.1291632311 -0.04005119581 -0.02587614638)
(0.1614670008 -0.0447810366 -0.1382102349)
(0.2511621677 -0.05323516381 -0.1121117925)
(0.2893350397 -0.07671281448 -0.1235935345)
(0.05558698799 -0.02550883245 -0.05565854579)
(0.03607075641 0.00226859082 -0.03866409555)
(0.01087657445 -0.02676707395 -0.01543217532)
(0 0 0)
(0.025265385 -0.003117628602 -0.0458209582)
(0 0 0)
(0 0 0)
(0.06619197816 -0.06392657056 -0.002129354043)
(0 0 0)
(0.237663029 -0.006320123431 -0.2217741907)
(0 0 0)
(0.3985022498 -0.08364301845 -0.1618468668)
(0.2280594408 -0.1223614263 -0.108490357)
(0.2556560606 -0.1337519148 -0.08803774887)
(0.1520331306 -0.09459789269 -0.08093171605)
(0.1409988191 -0.06864812671 -0.04271138294)
(0.1318060839 -0.08678464574 -0.1189116162)
(0 0 0)
(0.04860561327 -0.02329418593 -0.009273473049)
(0.1526737075 -0.06358051334 -0.07587896565)
(0.3005005881 -0.01893905322 -0.1788887377)
(0.4162442643 -0.1062898186 -0.293775742)
(0.6903742006 -0.09746993885 -0.4517416981)
(0.1599369376 -0.1210260858 -0.1355802957)
(0.3190036363 0.02289496107 -0.1447640383)
(0.2163319182 -0.03784977969 -0.1629315652)
(0.7054199283 0.03678321171 -0.2968383005)
(0.5574143152 -0.00329361635 -0.3718563088)
(0.3464364924 0.1179031333 -0.2440859071)
(0.391074083 -0.03399663969 -0.1721427119)
(0.473930346 -0.1005319061 -0.2711125723)
(0 0 0)
(0 0 0)
(0.2852978782 -0.03289219893 -0.2747510623)
(0.4706333751 -0.01104948893 -0.3045558055)
(0.4777942947 -0.01918196571 -0.1938160294)
(0.3305103539 -0.0496909934 -0.2206140379)
(0.4890194818 -0.00485290362 -0.1791292234)
(0.2329088487 -0.04183414874 -0.1325710818)
(0.5451116773 0.01469457955 -0.2991733626)
(0.6197977151 -0.09233671368 -0.3907583523)
(0.5245789927 -0.01840079105 -0.2062451666)
(0.611757978 -0.02142274711 -0.09997106983)
(0.7377153312 -0.0958280184 -0.3872836997)
(0.5929296605 -0.03298844334 -0.2320815195)
(0.4726969666 -0.02881282549 -0.1916294)
(0.5208307587 0.02784379365 -0.3160572476)
(0.5571271011 0.02540600014 -0.2390465554)
(0.4339786872 -0.01293235774 -0.1327367416)
(0 0 0)
(0 0 0)
(0 0 0)
(0 0 0)
(0.3738912555 -0.07307013302 -0.2784718188)
(0.08237146474 0.02116651669 -0.1035085633)
(0.4975725809 -0.05468630902 -0.2427692883)
(0.1311973539 0.0035894487 -0.05569211743)
(0.7058927233 -0.0866127652 -0.4102487566)
(0.1888564897 -0.07486293701 -0.08448477992)
(0.312698456 -0.1876618616 -0.1593359426)
(0.139938067 -0.0001751200402 -0.1233347542)
(0.177137256 -0.116482229 -0.07790016234)
(0.222327523 -0.01291810602 -0.09954301429)
(0.1853544933 -0.05049541565 -0.0546601348)
(0.1555865755 0.05724746947 -0.1394503643)
(0.1461077907 -0.103341426 -0.02843148004)
(0.1016135999 -0.01268054933 -0.02604948535)
(0 0 0)
(0 0 0)
(0 0 0)
(0.05091380209 0.01890805338 -0.07513291528)
(0.130868569 -0.06291910561 -0.06595584829)
(0.2329362463 -0.06418448522 -0.07475799684)
(0.1727614719 -0.07983858442 -0.1682587656)
(0.173784491 -0.09900504607 -0.05097977622)
(0.192970143 -0.08175786332 -0.0287512068)
(0.0394285809 -0.01218152672 -0.02870969692)
(0.1016250357 -0.01289842021 -0.05717489236)
(0.4478512525 -0.0006549856417 -0.2210398822)
(0.6480912473 0.04422124517 -0.2523591625)
(0.3834504647 -0.02410831171 -0.1540725877)
(0.1696432286 -0.02195368773 -0.108674749)
(0.34864007 -0.07525997306 -0.1887986137)
(0.3571041169 -0.0365912641 -0.2159120473)
(0 0 0)
(0.09539996295 -0.02453255141 -0.08108237683)
(0.009983133637 0.01924839338 -0.0482685103)
(-0.002259241733 0.006243058667 -0.01288345809)
(0.3212270554 -0.1013837896 -0.2515607669)
(0.133268332 -0.02594043476 -0.09077084427)
(0 0 0)
(0.1348351929 -0.0248378622 -0.004521822698)
(0 0 0)
(0.01649119758 0.01033480726 -0.01648792953)
)
;
    }
    spline
    {
        type            calculated;
        value           uniform (0 0 0);
    }
}


// ************************************************************************* //
