/*--------------------------------*- C++ -*----------------------------------*\
| =========                 |                                                 |
| \\      /  F ield         | OpenFOAM: The Open Source CFD Toolbox           |
|  \\    /   O peration     | Version:  v1706                                 |
|   \\  /    A nd           | Web:      www.OpenFOAM.com                      |
|    \\/     M anipulation  |                                                 |
\*---------------------------------------------------------------------------*/
FoamFile
{
    version     2.0;
    format      ascii;
    class       volVectorField;
    location    "0.4536";
    object      fD_O2;
}
// * * * * * * * * * * * * * * * * * * * * * * * * * * * * * * * * * * * * * //

dimensions      [1 -1 -2 0 0 0 0];


internalField   uniform (0 0 0);

boundaryField
{
    symmetry
    {
        type            symmetry;
    }
    inlet
    {
        type            calculated;
        value           uniform (0 0 0);
    }
    orion
    {
        type            calculated;
        value           nonuniform List<vector> 
1990
(
(0.1537714106 -0.05788300366 0.05626946259)
(0.03190774792 0.0007510922876 0.03039173865)
(0.1189988681 0.0570794012 0.04356252239)
(0.0003430158901 -0.01056886449 0.03087006785)
(0 0 0)
(0.07594325389 0.0007542032808 0.05442153712)
(0.2423829892 0.1204192812 0.09662021568)
(0 0 0)
(0.2261408841 0.01637965186 0.07049575928)
(0 0 0)
(0.5060983854 -0.1621342049 0.137236175)
(0.2552573255 -0.07125662008 0.1725107172)
(0 0 0)
(0.2283114513 0.02859409124 0.08636701213)
(0.3566545131 -0.0001641696193 0.1465563825)
(0 0 0)
(0.3475302049 0.07632050829 0.1576798236)
(0.02507267468 -0.02283515344 0.04698387205)
(0.5101632834 -0.148396058 0.1614535801)
(0 0 0)
(0 0 0)
(0.1101906268 0.01013635849 0.0105705859)
(0 0 0)
(0.3674412846 0.03807127114 0.1407052981)
(0 0 0)
(0.09350587119 0.04196856507 0.03996352911)
(0 0 0)
(0.2380392521 -0.03370188972 0.1120889609)
(0.2672564942 -0.03500007536 0.1217822688)
(0 0 0)
(0.3696265922 0.001503555523 0.1934465128)
(0.1516062999 -0.06904641879 0.1668494044)
(0.4807471682 0.1047730857 0.1845576198)
(0 0 0)
(0.2020674152 -0.02766275484 0.2161701622)
(0 0 0)
(0.2972328485 -0.01204278063 0.1951821169)
(0 0 0)
(0.1574330313 0.05940351967 0.1192517808)
(0.2452129979 -0.01902679298 0.1107827365)
(0 0 0)
(0.4105383716 -0.06577969045 0.1326874005)
(0 0 0)
(0.468687095 -0.1022993204 0.2053012959)
(0 0 0)
(0.7704994809 0.07405217161 0.3992203605)
(0 0 0)
(0.5559530215 -0.1174464496 0.2552765469)
(0 0 0)
(0.3410147655 -0.1253089113 0.1656455623)
(0 0 0)
(0.4659074698 -0.1411685853 0.1888033413)
(0.4533700385 -0.1099527039 0.2173181922)
(0 0 0)
(0 0 0)
(0.6916574387 -0.0910253019 0.2109508535)
(0 0 0)
(0.8753608112 -0.08400609314 0.3285143705)
(0 0 0)
(0.4937268202 -0.1179106266 0.2227017599)
(0.4406946701 -0.02570706479 0.1577001862)
(0.08145177929 -0.01486824667 0.06156452333)
(0.0129260495 -0.03134784865 0.0294991844)
(0 0 0)
(0 0 0)
(0 0 0)
(0.7904138087 -0.05146917185 0.508402123)
(0 0 0)
(0.8690431201 -0.05694947034 0.3561982512)
(0 0 0)
(0.3738499005 -0.0499615538 0.1578764042)
(0.1148025809 -0.08104148352 0.03813284325)
(0.4492613847 -0.07987728807 0.1371990307)
(0 0 0)
(0 0 0)
(0 0 0)
(0 0 0)
(0.4456499049 0.02094184125 0.2504173032)
(0.4877583211 -0.0357380744 0.1215991291)
(0 0 0)
(0.7254215711 -0.00590442895 0.2019952172)
(1.074458698 0.01407935049 0.3716414679)
(0.6494350267 -0.1489383592 0.3995124438)
(0 0 0)
(0.7372769187 0.04644168849 0.1531027219)
(0 0 0)
(0.07378785073 -0.02643050729 0.04852987496)
(0.08170937602 -0.1343601271 -0.0002163131104)
(0 0 0)
(0.5350869118 -0.1361174168 0.1756082908)
(0 0 0)
(0.4929230333 0.06196996406 0.2664752064)
(0.6045479857 -0.1761004538 0.1789988574)
(0 0 0)
(0 0 0)
(0.739592401 -0.07631804211 0.2337080007)
(0 0 0)
(0.9682935067 -0.2180276285 0.3348833916)
(0 0 0)
(0.5441194588 -0.08364932422 0.1548192603)
(0 0 0)
(0.7879332532 0.02775561637 0.2444082785)
(0.8596194944 -0.03192791351 0.2796502879)
(1.08067692 -0.04418670438 0.3645200184)
(0.8403007101 -0.1343316455 0.2411175373)
(0 0 0)
(0.5744120938 -0.04512064366 0.04459721394)
(0 0 0)
(0 0 0)
(0.6129098757 -0.01427256081 0.2904666093)
(0 0 0)
(0 0 0)
(0.6620840461 -0.09657403911 0.2724260136)
(0 0 0)
(0 0 0)
(0.2090900043 -0.01908677601 0.04594192536)
(0 0 0)
(1.198974296 -0.009489588412 0.4149520314)
(0 0 0)
(0.9473476831 0.01894469072 0.1517130422)
(0 0 0)
(0.8159906491 -0.1032901338 0.2173990313)
(0 0 0)
(0 0 0)
(0.7277774206 -0.1194622201 0.1847081145)
(0 0 0)
(0.002765753243 -0.03779120788 0.005507145512)
(0 0 0)
(1.079867298 -0.1237946973 0.1924549867)
(0 0 0)
(0 0 0)
(0 0 0)
(0.06159990389 -0.0356880701 -0.05561365176)
(0 0 0)
(0 0 0)
(0 0 0)
(0.5812552978 -0.1443052074 0.178288885)
(0 0 0)
(0.6590149919 -0.05490165437 0.1334606634)
(0 0 0)
(0 0 0)
(0 0 0)
(0.6616759456 0.02307572132 0.1066592765)
(0 0 0)
(0 0 0)
(0.6390257306 -0.1868166777 0.02340364358)
(0 0 0)
(1.058204754 0.03066601607 0.178367649)
(0.6211574201 0.00159028626 0.1559660939)
(0.6365674067 0.08313539541 0.09747511351)
(0 0 0)
(0.8709367659 -0.03328286329 0.3170352429)
(0 0 0)
(0 0 0)
(0.8688134809 -0.0777455801 0.1515455273)
(0 0 0)
(0.9980952876 -0.05447568551 0.2230276046)
(0 0 0)
(1.344571005 -0.216198648 -0.01674853321)
(0 0 0)
(0.19838075 -0.06111459559 0.0235350705)
(0.04132752453 -0.0518005765 -0.02442410353)
(0 0 0)
(0 0 0)
(0.7303664964 0.04421915671 0.1357056014)
(0 0 0)
(0.7573055738 -0.08657241596 0.3793662203)
(0 0 0)
(1.566058946 -0.04226225251 0.08094869011)
(0 0 0)
(1.070686524 -0.2367980828 0.08740508393)
(0 0 0)
(0 0 0)
(0.1951429916 -0.04104113563 -0.017580143)
(0.04941319125 -0.02385177396 -0.03167705698)
(0.06296971237 -0.03177031211 -0.04814341195)
(1.186038733 0.1553860499 0.1554018583)
(0 0 0)
(0.7906791824 0.09107625827 0.173024902)
(1.260085209 -0.07359473526 0.3072206735)
(0.8910632987 -0.2971334802 0.1643766041)
(0 0 0)
(0.8811435934 -0.0644721713 -0.06793185084)
(0.04171006805 -0.02603552531 0.0003537598906)
(0 0 0)
(0.7310653526 -0.03653633769 -0.04219696106)
(0.03462087741 -0.04494327262 -0.05518231592)
(0.0137341162 -0.01098959294 -0.02833214835)
(0.04319528402 -0.05771687132 -0.01336684764)
(0.03284862753 -0.02750734644 0.00740318339)
(0 0 0)
(0 0 0)
(0 0 0)
(0.5909606887 -0.05260046648 0.02880528664)
(0 0 0)
(0.5356359586 -0.03463395413 -0.1378146004)
(0 0 0)
(0.0476625519 0.01313928079 -0.06246980201)
(0.1600349985 -0.1181990158 -0.08976345682)
(0.02096204446 -0.007495374342 -0.01102398359)
(0.06292915534 -0.0448016772 -0.05326912754)
(0.01982664591 -0.01133067479 -0.02330921009)
(0.03102504813 -0.007079083481 -0.04041419513)
(0 0 0)
(-0.01451055071 0.01094456217 -0.0171164894)
(0.02204879612 -0.03904940762 0.01402341644)
(0 0 0)
(0 0 0)
(0 0 0)
(0.8462788228 -0.008283678674 -0.08107132383)
(0 0 0)
(0 0 0)
(0.04504345532 -0.1276787189 -0.09713948802)
(0.2204759705 -0.07668935404 -0.08140336875)
(0.249361315 -0.1083669256 -0.08841620322)
(0 0 0)
(0 0 0)
(0.2036453871 -0.03493206198 -0.05904739641)
(0 0 0)
(0.1731170674 -0.1021075616 -0.04058149649)
(0.05072141058 -0.0005265613802 -0.07384559386)
(0.06117844609 -0.03857579761 -0.0675026272)
(0 0 0)
(0.2542338448 -0.004328552501 -0.0971062778)
(0.1469673441 -0.003880526648 -0.08284193177)
(0 0 0)
(0.2139672041 0.01553623041 -0.1582071782)
(0.2009144594 -0.07458587804 -0.2258091503)
(0 0 0)
(0.2886637819 0.01657947678 -0.1692317429)
(0.4482888761 0.05016072536 -0.1396709494)
(0.0525776575 -0.001789987596 -0.04384417176)
(0 0 0)
(0.1771186499 0.001633808462 -0.1783285573)
(0.1017315252 -0.0003112104535 -0.007076682427)
(0.466842569 -0.03994420661 -0.1476799782)
(0 0 0)
(0 0 0)
(0 0 0)
(0.05203559369 0.00421637063 -0.01796945874)
(0.07778072062 -0.04588262736 -0.03177662463)
(0 0 0)
(0 0 0)
(0 0 0)
(0 0 0)
(0.2342855609 0.06699794492 -0.1926048043)
(0.2835823322 -0.04105332287 -0.2388557913)
(0 0 0)
(0 0 0)
(0.1953929896 0.02914756467 -0.06979476934)
(0.2572133152 0.04513257823 -0.0645629654)
(0 0 0)
(0.1907676341 -0.06221163711 -0.09119455371)
(0.0874234549 -0.01921074738 -0.07469271509)
(0 0 0)
(0 0 0)
(0.1783148255 -0.0299849476 -0.0919489307)
(0.01332023459 -0.02575028969 -0.009792716288)
(0.1246343135 -0.01300970881 -0.07628144614)
(0 0 0)
(0 0 0)
(0.2013909174 -0.009651245268 -0.05087886646)
(0.1762517512 -0.04469068074 -0.08893941089)
(0 0 0)
(0.1926186595 -0.01232223358 -0.03109328885)
(0.03332016672 -0.000869357213 -0.01742839853)
(0 0 0)
(0.2046226449 -0.08278961563 -0.1026386298)
(0.08138309974 -0.01589877243 -0.01365523158)
(0 0 0)
(0 0 0)
(0.289035142 -0.03016798267 0.1086908825)
(0.3050105029 0.06138886779 0.08544705568)
(0.1206940031 0.01544249337 0.1092125728)
(0 0 0)
(0.5573649413 0.03491146045 0.2771766331)
(0.06265875881 -0.03571440294 0.03642789039)
(0.01095062164 0.03726676729 0.02785088955)
(0.001401906972 0.001911849263 0.02746610541)
(0 0 0)
(0.1638534004 0.01432646499 0.1153065426)
(0.2525762095 0.06193088387 0.09342936317)
(0.1315003753 0.03745372149 0.02857904339)
(0.2750081988 -0.02411872555 0.2320616185)
(0.08591062199 -0.01857705116 0.02928454612)
(0 0 0)
(0 0 0)
(0 0 0)
(0 0 0)
(0.1905334363 -0.02175048571 0.08496897006)
(0.4892491166 0.0221635529 0.2250092217)
(0.2345361611 -0.1294172869 0.08732320547)
(0 0 0)
(0.1064404364 -0.003389582884 0.03292123632)
(0.849935511 -0.03813235208 0.3314081624)
(0.8466743068 0.1560448656 0.1862414744)
(0 0 0)
(0.06518603788 -0.03859630719 0.02163427904)
(0 0 0)
(0.2848132871 -0.05167387028 0.1798773186)
(0 0 0)
(-0.01650669746 0.001508456886 0.05009561278)
(0.2284170415 0.01268419162 0.2013911662)
(0.09607536225 -0.03235998353 0.04342838587)
(0.334817362 -0.005234286939 0.2094067595)
(0.165325628 -0.01716798947 0.03547320602)
(0.1268842453 0.00886335611 0.04100467867)
(0.4273633127 0.09409920882 0.3738874902)
(0.04220849466 0.02488568409 0.03503527938)
(0.2801111174 0.0188531922 0.1685563011)
(0.1212611415 0.07526211444 0.0889576654)
(0.08689141148 0.001343747554 0.1071741876)
(0.1808334104 0.01762884348 0.09508534061)
(0.3837379043 0.02495580167 0.1962362827)
(0.4422237714 0.02522050747 0.1344328961)
(0.4114016494 0.02208929024 0.132442319)
(0.2756329364 -0.06926911985 0.3059248871)
(0.2992699882 0.04249594077 0.09404307968)
(0.23017503 -0.00390764215 0.1655250167)
(0 0 0)
(0.2606418871 -0.01111648269 0.1662296568)
(0.1803417999 -0.07295007154 0.1254246415)
(0.2269056499 -0.01318620303 0.1254955271)
(0.04593882871 -0.001648735454 0.05978403255)
(0.1250786235 0.003232767606 0.05454754004)
(0.197383445 -0.05240980655 0.104645509)
(0.364471816 -0.07194693797 0.04094518918)
(0.295737956 -0.02778726367 0.2476344885)
(0.5513666404 0.1038015488 0.2162675455)
(0.1559082282 0.01173892251 0.1068102308)
(0 0 0)
(0.3195080503 -0.02262582337 0.1258197287)
(0.1648471346 0.005676792597 0.0921902622)
(0.120436843 0.03018109425 0.04241419572)
(0.2154293001 0.008420678986 0.02963726439)
(0.1387558568 -0.09203423442 0.04556145098)
(0 0 0)
(0.09346191068 -0.03646880824 0.07560011275)
(0 0 0)
(0.1793391823 -0.07403869539 0.04134835286)
(0.4298762718 0.1001728617 0.2206970165)
(0.2833168846 0.03040863167 0.2631970697)
(0.073703132 0.01996850832 0.1177173537)
(0.2755409709 0.1259275285 0.1719795654)
(0.3069946294 -0.05762259884 0.1855531191)
(0.3328427048 0.05673390563 0.2757958641)
(0.5861864134 0.2009894186 0.2995937825)
(0.2597036769 -0.05626231425 0.1863398402)
(0.2743324564 0.0129364067 0.1298361268)
(0.6272313859 -0.1066055849 0.2627204693)
(0.1720925011 -0.06758601901 0.09069046937)
(0.3893535289 0.01059027282 0.2403417688)
(0.6435259392 0.03540613262 0.2732074577)
(0 0 0)
(0.4004617911 0.02043031655 0.1449402015)
(0.2871124072 0.1659742006 0.1671952559)
(0.1244150214 0.0289632923 0.1707193407)
(0.14059483 0.03013096513 0.1014764373)
(0.3174394162 -0.01507857803 0.1546069209)
(0.2538654114 0.0368328476 0.1824576067)
(0.3887223928 0.02902128346 0.163682744)
(0.4917649763 -0.02002067346 0.1913720471)
(0.365546705 -0.02727394858 0.1639696101)
(0.0982416794 -0.07820793764 0.09287306999)
(0.2082716953 -0.001996012341 0.1290283366)
(0.3692982349 0.03605317461 0.1780764858)
(0.239740231 -0.05076056891 0.1654687916)
(0.2255386734 0.05445773615 0.1469769877)
(0.2835352134 0.00607228977 0.2833791501)
(0.578884014 -0.1490786699 0.2708036158)
(0.1516792129 -0.07649789401 0.2081603406)
(0.1570904927 -0.05181592133 0.07364768518)
(0.4505115469 -0.04444214679 0.2157274651)
(0.2956525278 -0.01339351077 0.1225741449)
(0.2352091212 -0.1130267804 0.1364152842)
(0.2763113342 -0.06579636286 0.04261834077)
(0.004078748842 -0.01589503809 0.00768584078)
(0.3079966386 0.01269146465 0.06266473329)
(0.4163243508 -0.05748625863 0.1855796747)
(0.06884556142 -0.02783015688 0.00643705564)
(0.03337525192 0.02002552907 0.06789439028)
(0.2749482464 -0.04191539252 0.1645783651)
(0.05990032052 -0.04747834267 0.135137151)
(0.1341204337 0.03272510771 0.2257892526)
(0.6694069784 -0.0204102852 0.1467882628)
(0.36201779 0.01172962287 0.1131090814)
(0.2906252477 0.005337780136 0.1509974999)
(0.4081644 -0.1416911581 0.2566995191)
(0.6644174162 0.03464901573 0.1629626842)
(0.5497526329 0.0364359552 0.3457737372)
(0.4039696311 -0.06733661693 0.2597003261)
(0.3736077403 0.07859922437 0.2647516242)
(0.5862461911 -0.06287445069 0.2722707767)
(0.2058732282 -0.007236081274 0.1988381755)
(0 0 0)
(0.3124875285 0.03759720879 0.1825865514)
(0.4073919634 -0.01733109239 0.1943305749)
(0.1752563641 -0.09414448308 0.1131341847)
(0.1978522897 -0.05347099393 0.1816006379)
(0.4230933538 0.04468528846 0.321156218)
(0.2461755593 -0.05251688709 0.1563168323)
(0.5780777905 -0.05410393778 0.2785130807)
(0.3680857368 -0.03137945869 0.2708176911)
(0.4797690605 0.02647910896 0.1707351047)
(0.3616868939 -0.02414101033 0.1945731865)
(0.4906661574 0.05569277927 0.222892245)
(0.1143360129 0.03139768984 0.1772783868)
(0.3461292839 -0.1242430235 0.09955097792)
(0.04582802506 -0.004067354283 0.01262459885)
(0.355506608 -0.02988240057 0.1551458016)
(0.780501129 -0.1394647074 0.3064677478)
(0.5572219251 0.05458160473 0.3394736247)
(0.3680599176 -0.05119320925 0.1895960436)
(0.3005524714 -0.1898575422 0.09491486781)
(0.2827942904 0.005557541482 0.08684612452)
(0.2571373616 -0.05355497901 0.1836699307)
(0.4208957747 -0.02105786078 0.1648118641)
(0.4666873344 0.01710920862 0.2357484727)
(0.4873818583 -0.03430073719 0.1188872388)
(0.3250571189 0.03657289321 0.03596981015)
(0.2997440142 0.01936088976 0.1645210505)
(0.04938059298 -0.02817611421 0.05064922371)
(0 0 0)
(0.3321607514 0.01507125085 0.09469725998)
(0.5244288849 -0.05024838112 0.2090936719)
(0.4783450734 0.01089004742 0.2430629829)
(0 0 0)
(0 0 0)
(0.546689983 -0.16440799 0.1805866836)
(0.6058894172 0.11299266 0.2198447658)
(0.160995304 0.003264280708 0.09471641018)
(0.3803180232 -0.01110832528 0.1940506814)
(0.3735676184 0.03673903775 0.1812204702)
(0.5488331767 -0.07206333767 0.212217178)
(0.4322676806 0.03723764436 0.2375369287)
(0.4333321634 -0.1402291653 0.2011438061)
(0.3073935589 -0.008924886517 0.1217993599)
(0.3509641687 0.04508739882 0.1865202413)
(0.5091795991 -0.257969027 0.1034845107)
(0.2915016557 0.06581237445 0.1032067161)
(0.5049360593 0.04410344621 0.2674391749)
(0.2605942542 0.05902221552 0.1093400573)
(0.5226526592 -0.143863439 0.1852225925)
(0.2167504469 -0.07250322735 0.139350019)
(0.4819892354 -0.07198397628 0.2209663852)
(0.3910440491 -0.019067568 0.1523222227)
(0.4937034012 -0.09932133695 0.218504431)
(0.5077758409 -0.06531474827 0.2597807998)
(0.6330664319 -0.05732660094 0.2928523989)
(0.3442787024 0.03241375983 0.1411920914)
(0.624413552 -0.1165086478 0.1877006559)
(0.3505194717 -0.04618085682 0.1698368403)
(0.3867837431 -0.1127678145 0.2681082511)
(0.4740964939 -0.05763789768 0.1537506748)
(0.1419008068 -0.02628025245 0.07560540619)
(0.5399015022 -0.08424355298 0.2423155237)
(0.05272226993 -0.02476065609 0.005312558601)
(0.559775917 0.1424588778 0.2700831223)
(0.2953610722 -0.16191195 0.1089386745)
(0.2702467365 0.04862980511 0.1317706059)
(0.4925270341 -0.120176864 0.2959716105)
(0.564105153 0.1255243652 0.2769656482)
(0 0 0)
(0.583909982 0.007251070081 0.1731223326)
(0.7616196856 -0.02733462564 0.2364032021)
(0.4597487088 -0.0492040274 0.265571234)
(0.7023259229 -0.1086089164 0.2724498358)
(0.2867423636 -0.1009932717 0.1338745814)
(0.4342365663 0.06912560889 0.2319419158)
(0.5047395736 -0.06745563291 0.2293849392)
(0.5520658539 0.06181680453 0.2444589678)
(0.4403908772 -0.1054512925 0.2691894854)
(0.6377838192 0.001848412853 0.2981118659)
(0.6120239971 -0.1694854636 0.347482354)
(0.4226753343 -0.03025123149 0.1760610998)
(0.8823195801 -0.01857182594 0.1377041605)
(0.4720538733 -0.0770891917 0.2454755058)
(0.4611859038 0.06586328856 0.2221145924)
(0.2133086877 0.01773472401 0.1372024011)
(0.5304308309 -0.08301773701 0.1860395421)
(0.5763336652 -0.008347094403 0.2108333165)
(0.6395222124 -0.1645380119 0.1823093121)
(0.5759877178 -0.1127810799 0.2962131277)
(0.3954151171 -0.1027399835 0.1884118598)
(0.4696056582 -0.1259986561 0.337171763)
(0.3726513659 -0.1073913081 0.09259510667)
(0.4966758965 -0.07958063792 0.1936774861)
(0.5527751315 -0.09681066727 0.116961813)
(0.3665603881 -0.08619171395 0.1326816766)
(0.3325904462 0.02847879042 0.1335313891)
(0.2255169377 0.01629388506 0.1161344559)
(0.1964222925 -0.01581233416 0.1497797763)
(0.3217622071 -0.01971791144 0.1557332275)
(0.1755899068 -0.05365892597 -0.009421338562)
(0 0 0)
(0.3737768308 -0.005982129763 0.207264035)
(0.6391082968 0.01213237763 0.2018340132)
(0 0 0)
(0.3648019615 0.09299932788 0.1685093177)
(0.2970020622 0.04213609091 0.1446401879)
(0.312297169 -0.03956141241 0.1331587931)
(0.8643759129 -0.1580510335 0.2067834065)
(0.5380596233 0.08182590426 0.2898004875)
(0.3238445282 -0.07558053088 0.2781056163)
(0.4190751436 -0.05628393374 0.2348979767)
(0.5593448629 -0.02785794002 0.1887380675)
(0.6645311882 0.02615448401 0.3637640142)
(0.5424555458 -0.06137402776 0.292441769)
(0.696178509 -0.04060920078 0.1891706093)
(0.8102790813 -0.1474077747 0.2552114042)
(0.4627688137 -0.04648504333 0.1548116273)
(0.8148641413 -0.1337554208 0.2206578294)
(0.8655789612 -0.08665681434 0.04662856821)
(0.5543964762 -0.008152514005 0.2647073993)
(0.4190908059 -0.03362728442 0.1831842022)
(0.5341523053 -0.2134334102 0.260302566)
(0.5019105054 -0.02853358619 0.2513279517)
(0.7967498033 -0.001312202513 0.3996887476)
(0.2707141186 -0.002647448022 0.3052198823)
(0.5635865192 -0.09632467598 0.1763272771)
(0.4581409609 -0.0110495957 0.1774861517)
(0.6331188699 -0.188667387 0.1770940546)
(0.8598360361 -0.1815966216 0.1853996964)
(0.6776665199 -0.06341422235 0.1962103537)
(0.6542621488 -0.08063226853 0.2371011775)
(0.6700145822 -0.180500096 0.1593272945)
(0.570772582 0.01931363103 0.2253282085)
(0.312191819 -0.1090038629 0.06907398831)
(0.2347212755 -0.1182072496 0.06225234889)
(0.6913098561 0.006719883135 0.2070227929)
(0.5622948486 -0.08986321051 0.3182774135)
(0.5539348615 0.05552152332 0.147490152)
(0.5883121646 -0.1110327085 0.1049859069)
(0.8592810548 -0.09362369896 0.3833687268)
(0.7098118361 -0.2596168363 0.1544315812)
(0 0 0)
(0.5000454061 0.08179464527 0.0940078062)
(0.4903922867 -0.1308670838 0.2191849542)
(0.6356773127 0.04154880642 0.1614021486)
(0.4828084213 -0.06970358412 0.2259559907)
(0.8254717891 -0.01860744761 0.3530318977)
(0.5483604852 -0.02845751173 0.1561485218)
(0.3728713953 -0.1029611586 0.3056393345)
(0.3808258867 -0.00942311584 0.1832490056)
(0.7647040692 -0.003221832297 0.2687480786)
(0.5222850711 -0.1481278377 0.232897592)
(0.4924656077 -0.1590681045 0.1878898338)
(0.4004551479 -0.02796512016 0.1043918087)
(0.7316305161 -0.10968153 0.2907109633)
(0.5485353963 0.05381240154 0.2373834802)
(0.7003690599 -0.1124142152 0.3358867684)
(0.5793878448 0.03060477194 0.2232878542)
(0.399856037 -0.06642667837 0.1737318834)
(0.6623196749 -0.1876040142 0.2465885466)
(0.8310888615 0.001944476335 0.1351900091)
(0.7093278729 -0.08171763829 0.3427385414)
(0.2979878547 -0.007928095081 0.08410874957)
(0.4686108708 0.02579304712 0.09803197045)
(0.741162163 0.06777259591 0.3305345198)
(0.6013428411 -0.1108197381 0.4108401586)
(0.882521723 -0.1188188373 0.1741365585)
(1.034671071 -0.03068084535 0.2951060188)
(0.6342399316 -0.1168309927 0.1528008566)
(0.7669571314 -0.04391160152 0.4809069345)
(0.5413203709 -0.2399782399 0.2180525179)
(0.5292458155 -0.03895274313 0.2701855286)
(0.9040745535 0.04309246986 0.5814252049)
(0.777789874 0.03323054941 0.3153823716)
(0.7013449113 -0.1456043606 0.2723310491)
(0.6512020274 -0.02600365464 0.06237035334)
(0.6665807143 -0.01432313954 0.1738133663)
(1.004449753 -0.1858590234 0.3875943979)
(0.6330435099 -0.1622786693 0.18365671)
(0.7616178506 -0.0799295176 0.3250400959)
(0.7623868474 -0.008181335231 0.1797692617)
(0.6910749505 -0.1546696209 0.3704479822)
(0.7755661044 -0.3368474612 0.3730230178)
(1.108842526 -0.09468097918 0.3033652483)
(0.7002713915 -0.1535756574 0.4483520853)
(0.9316618632 0.001606113657 0.2477061365)
(0.4697674209 0.001555469362 0.1749374901)
(0.8264073764 -0.04782282418 0.307544362)
(0.7268354898 -0.0948335715 0.2057290699)
(0.5092836512 -0.04338710831 0.1472363896)
(0.6486825312 -0.06938385752 0.1112422053)
(0.4414269198 -0.1001222601 0.1012615966)
(0.6066193467 0.06037312211 0.3683120366)
(0.1377868344 -0.01921372295 0.03937184392)
(0.8395563697 0.1249891017 0.256490841)
(0.6953217342 -0.05306992262 0.1529438484)
(0.5180682394 -0.05358664687 0.125783847)
(0.6231608794 0.06754653256 0.198235522)
(0.543509061 -0.1269641 0.2392164376)
(0.4926280461 -0.08316367267 0.1748210073)
(0.8357519955 0.2113814498 0.2089906087)
(0.6703118302 -0.1266593536 0.2488161342)
(0.6930804506 -0.0618950425 0.122060608)
(0 0 0)
(0.3644506264 0.0994863293 0.1181391713)
(0.5610983958 -0.1125007887 0.2330029014)
(1.363347933 -0.1434239101 0.3020651485)
(0.6712010135 0.1344060907 0.2492802356)
(1.161589426 0.01359102649 0.1971180208)
(0.9204761452 -0.07958816295 0.3221082716)
(0.5329242552 -0.06388404173 0.1872797746)
(1.393598264 -0.1856016861 0.4557992416)
(0.8616113832 -0.07892314202 0.3233056523)
(1.068624358 -0.2467134854 0.2465139664)
(0.7480652932 -0.08916478183 0.3243686965)
(0.8218736851 -0.0220866845 0.09948431575)
(0.794773038 -0.08922821925 0.3326701248)
(1.211070663 0.08696188741 0.390077246)
(0.7672049986 -0.01945225722 0.4322947181)
(0.5323075726 -0.05323481666 0.1213120942)
(1.234994311 -0.07737927925 0.3515445132)
(0.5448650243 -0.1934501384 0.1286742836)
(0.639074827 0.1047604083 0.1991135547)
(0.7997778816 0.05377256836 0.3001216175)
(0.7773796778 0.03724679677 0.2920182833)
(0.859859304 0.04084607584 0.1579379096)
(0.8508036767 -0.07996907014 0.4594462917)
(1.284705848 -0.02988470989 0.3229855405)
(0 0 0)
(1.054076564 0.1078610686 0.1081035237)
(0.6626900213 0.07684258141 0.1619894314)
(0.7465734225 -0.2037331054 0.08139312082)
(0.8577652192 0.1547049195 0.3480379431)
(1.070795368 -0.07099497479 0.3225843364)
(1.281697489 -0.02690550546 0.7025127393)
(0.6032678641 -0.07361580453 0.2452816368)
(0.9852489293 -0.1469774143 0.361835224)
(0.9389445609 -0.07869344638 0.3419204982)
(0.49567798 -0.0268077324 0.09209188356)
(0.7790439963 -0.1011283334 0.1812319565)
(0.6583098337 0.06145165503 0.05102123107)
(0.7405221446 0.008634535939 0.1979251249)
(0.6438657874 -0.1333351323 0.2939470559)
(0.8747759089 -0.0647936335 0.3130889475)
(0.9554708597 -0.140660891 0.3099658103)
(0.5561150184 -0.02579272361 0.1113091024)
(0.7002496979 -0.04280651221 0.01193918832)
(0.4318349804 0.006136565121 0.1349490022)
(0.9402746217 0.03561913605 0.2962348953)
(0.8348582521 -0.1079290205 0.1824227301)
(0.937052913 0.07811810485 0.259802668)
(0.5249271309 -0.1699288596 -0.008594442776)
(0.9267723392 -0.1029528363 0.09472437663)
(1.582771878 0.05554415705 0.4057732104)
(1.494245175 0.1500292882 0.04487086856)
(0 0 0)
(1.060343579 -0.11762588 0.2979652857)
(1.408362175 -0.04182873985 0.350299068)
(1.317387825 0.2332575203 0.2387112647)
(1.119816505 0.06090222201 0.2820175255)
(1.056913942 -0.3632021037 0.3314466139)
(0.9200277207 0.1507304622 0.3322667937)
(0.9339632944 -0.04704702123 0.1141956777)
(0.7552901755 -0.2549194322 0.2195088649)
(1.429845289 -0.2081322145 0.4090802228)
(0.976424242 -0.1132465966 0.2747314138)
(0.9931388759 -0.1394318886 0.1869165771)
(0.6993552692 -0.0504025036 0.2567572503)
(0.7549289299 0.06651657198 0.2114056575)
(0.6016964089 -0.07035609649 0.19600746)
(1.007139253 -0.06754223718 0.2367037583)
(0.8239549468 -0.09657212508 0.2165923295)
(0.8207661058 0.00519733239 0.05145391591)
(0.7110710774 -0.2387520836 0.2699941627)
(0.7321105416 -0.08263257512 0.1519349772)
(1.007256745 -0.08496292146 0.270389087)
(0.775373344 -0.03604255738 0.1217951585)
(0.7498113608 0.01142225812 0.1353305892)
(1.191191642 -0.1173600078 0.3647335589)
(0.8829063763 -0.03355749709 0.2256194949)
(0.4985800281 -0.03569644569 0.2951389173)
(1.262501138 -0.1010570397 0.2634511615)
(1.110459726 0.03737888673 0.2980266584)
(1.153306507 -0.06865252062 0.324432317)
(0.8960181683 -0.1445223376 0.2137506836)
(1.174212911 -0.1909984868 0.3944114497)
(0.6804702812 -0.01907966863 0.2949580804)
(0.6482459199 -0.07113014506 0.187259203)
(0.9278557562 -0.003884319708 0.5843732512)
(0.8062881175 -0.1384878949 0.2901107348)
(0.3640213357 -0.1654651382 0.2051704089)
(0.8565501836 -0.007549306488 0.1421251818)
(0.5867791249 -0.01244812342 0.1283292962)
(0.9782344667 -0.2385706201 0.1313197537)
(0.2144459216 -0.04199404839 0.04467952335)
(0.8573657424 0.01315304999 0.5134372935)
(0.8269928688 -0.1986506542 0.1687599553)
(0.6256525739 -0.1303976989 0.04304389788)
(0.6503955845 -0.08833204458 0.01964499982)
(0.5720911357 0.004178651496 0.2284707395)
(1.166477321 0.01502626249 0.2031426618)
(0.9993501727 -0.09701480628 0.2109215914)
(1.721380315 0.08530218562 0.477806776)
(0.8031142664 -0.08392713939 0.2355013581)
(1.015594696 -0.1079485663 0.1501214037)
(0.3741427171 -0.1191673434 0.06788325686)
(0.5382944656 -0.1061563515 0.08709639887)
(0.9385060588 0.03250156901 -0.09792814545)
(0.3887525239 -0.0428224398 -0.08853595559)
(0.8562586569 -0.0531996885 0.2276476133)
(0.7977242021 -0.09139313304 0.3949164943)
(0.7618654627 -0.05251743527 0.2034538908)
(0 0 0)
(1.040720161 -0.04770253545 0.04848401866)
(1.151088718 0.09629071162 0.2532803423)
(0.8098730916 0.004967006364 0.1815694595)
(1.159375941 -0.2471788649 -0.06545409098)
(0.9454480729 -0.09264238856 0.1238457236)
(1.412577945 -0.1149414211 0.2305241883)
(0.591262636 0.05399283814 0.1894087195)
(0.7906148514 0.1188635343 0.1520676732)
(0.7963994688 0.009583074224 0.3271017719)
(1.075357083 -0.005388904665 0.320229962)
(0.7823901433 -0.08956152069 0.2618286472)
(0.8775524993 0.05609288053 0.1418485126)
(1.101302042 -0.212215078 0.2855942006)
(1.041069103 -0.04795956992 0.3539630952)
(0.4857112768 0.00637109329 -0.007707078631)
(0.664442772 0.09906988819 0.3057914401)
(0.972765695 0.1247306803 0.3320453138)
(1.939557631 0.03543122358 0.2952196242)
(0.5540482502 0.002681872633 0.05233902767)
(0.2883234958 0.1223018286 0.07959808836)
(0.3372578866 -0.1304625179 -0.04136382266)
(0.8009146194 0.04627039901 0.1590403745)
(1.122218652 -0.1470184433 0.3855459414)
(1.407553579 -0.03143794439 0.2936682879)
(1.658213418 0.2124886505 0.3785887928)
(0.7727428478 0.1742518386 0.4469753387)
(1.327077586 0.006071799302 0.4104206081)
(0 0 0)
(0 0 0)
(0.8031217456 0.1047386614 0.2294450728)
(1.191483589 -0.0450993052 0.4383235793)
(0.7652373538 -0.095135886 0.1712683172)
(1.015165824 0.1586097601 0.2593705921)
(0.9096717311 0.05746632565 0.4469618226)
(1.105191704 -0.0373476216 0.2515613119)
(1.102114786 -0.1268411193 0.1995435837)
(0.8268942586 0.1741790626 0.3311743379)
(2.089357941 0.1213822872 0.2810749372)
(0.8624739482 -0.0456459916 0.02609991962)
(0.6735039997 -0.0008275108552 0.1061011487)
(1.162148188 -0.1853865246 0.2672811184)
(0.8163166806 -0.1146107853 0.06849331466)
(0.642744597 -0.1610081569 -0.1645190511)
(1.275698893 0.1640712238 0.3366361775)
(0.8703463291 0.05492730159 0.2650417362)
(0.8579979362 0.1013724936 0.06894150844)
(1.393802795 -0.09783486491 0.185157352)
(1.285226947 0.1232484353 0.2465867481)
(1.079887445 0.1464750383 0.1333790617)
(1.571956946 -0.009092663121 0.1483039455)
(1.106718601 -0.1588698866 -0.08768132661)
(1.661461789 -0.2558497383 -0.1763723057)
(1.838281991 0.02539721238 0.1702089019)
(1.372140265 0.02143780202 -0.04232173271)
(0.8628227446 -0.0767611766 -0.09037730495)
(0.7987008225 -0.1308068117 0.1113104724)
(1.044276789 0.09828259771 -0.2468488219)
(0.6868791299 -0.09696746073 -0.1587815887)
(0.564079828 -0.06836496485 -0.1433862504)
(0.3380799827 -0.08524931792 -0.06327755651)
(0.225102873 -0.1054448705 -0.06045166422)
(0.01773703674 -0.01682763003 -0.01733083993)
(0.8980726021 0.04614586033 -0.07441706743)
(1.25980555 -0.3180734815 -0.119828032)
(1.007784026 -0.0247164178 -0.1693876134)
(0.3776954759 -0.02000773885 -0.2038455426)
(0.7853403078 -0.188380368 -0.06880829373)
(0.3472695327 -0.002312814299 -0.1717477445)
(0.1445385774 0.001930612618 -0.0458815935)
(0.05211699058 -0.03008615305 -0.01586469457)
(0.1173798305 -0.02217936802 -0.07660144815)
(0.1601192503 -0.02216647747 -0.121946654)
(0.1851901544 -0.0381624462 -0.1239834346)
(0.1496157032 0.009980660633 -0.0750289341)
(0 0 0)
(0.06417180381 -0.01026430431 -0.094839596)
(0.1596252313 0.02903979347 -0.05725521186)
(0.1738029423 -0.03363655175 -0.1480507666)
(0.9455933663 0.07103546117 0.3691016205)
(0.4101575192 0.02605383575 0.1755529937)
(0.242504059 -0.01158880399 0.1689690253)
(0.08040500261 0.03079340885 0.04294242908)
(0.05893661898 -0.0008667962437 0.0769601079)
(0 0 0)
(0 0 0)
(0.09570133401 -0.02887484551 0.02498354111)
(0.2636458816 0.1031941193 0.2260447251)
(0.4139233178 -0.07186446382 0.3479512498)
(0.1938014487 -0.06967515081 0.1533947475)
(0.3832418173 -0.1028391647 0.2350861306)
(0.142986738 -0.08496046236 0.148928147)
(0 0 0)
(0.1827876814 0.01085995174 0.1912511356)
(0 0 0)
(0 0 0)
(0 0 0)
(0 0 0)
(0.3341802008 -0.07239078811 0.2009361749)
(0.356223706 0.001663944023 0.1178994294)
(0.1268114435 0.04337239697 0.1222300502)
(0.2633452208 -0.07005496665 0.1092229756)
(0 0 0)
(0.195261797 -0.07351138901 0.07798980965)
(0.1329736152 0.01589002073 0.07447399634)
(0.5258853928 0.1055117268 0.2034049659)
(0.5029594188 0.04178833178 0.2431943175)
(0.3991177082 -0.06141628848 0.1401874862)
(0.4529102915 -0.03426336226 0.2841040168)
(0 0 0)
(0.5893505693 0.03184721875 0.3974865324)
(0.4400889092 -0.123308517 0.1683880012)
(0 0 0)
(0.2564094015 -0.08189178936 0.1286183773)
(0 0 0)
(0.2584066399 -0.09056927865 0.1609615509)
(0 0 0)
(0.2501142919 0.01798576247 0.2898159081)
(0.3383306374 -0.07914040482 0.103410597)
(0.09228671755 -0.009098961917 0.0156015021)
(0.08300475494 -0.05487853425 0.04939757221)
(0 0 0)
(0 0 0)
(0.5669880672 0.04132457006 0.2295105866)
(0.3929659792 -0.1317100376 0.02527577526)
(0 0 0)
(0.4943835244 -0.2547659529 0.1882957336)
(0 0 0)
(0 0 0)
(0.6177040465 -0.1013372869 0.1373898524)
(0 0 0)
(0 0 0)
(0.004929181668 -0.03875648947 0.008534882968)
(0.3667207209 -0.04260063484 0.1469050817)
(0 0 0)
(0.623407962 0.05420081181 0.2282242282)
(0.9239783142 -0.007732541975 0.3090602334)
(0.3912399569 -0.1614481023 0.08521363018)
(0.6527621759 -0.0680047508 0.2700503943)
(0 0 0)
(0 0 0)
(0.401507816 -0.005333595128 0.1248266885)
(0 0 0)
(0.598818925 -0.1810456102 0.2240189168)
(0 0 0)
(0 0 0)
(0 0 0)
(0 0 0)
(0.4020230697 0.02512932079 0.1344893256)
(0.7829282853 0.06416215897 0.3457176284)
(0 0 0)
(0 0 0)
(0.4424323038 -0.1098142137 0.4287111254)
(0.6589144805 -0.004229248735 0.256743195)
(0.9159381599 -0.1388873437 0.1766548907)
(0.6696423777 -0.1964781862 0.4707094974)
(0 0 0)
(0.4151728849 -0.02987847292 0.2065099464)
(0 0 0)
(0 0 0)
(0 0 0)
(0 0 0)
(0.6355463105 0.08636649066 0.1692742073)
(0 0 0)
(0.5753434016 0.05644270517 0.2211622819)
(0 0 0)
(1.114599673 0.04639826562 0.2851378137)
(0.6909005928 0.06869744753 0.07424345945)
(0 0 0)
(0 0 0)
(0 0 0)
(0.6363165177 0.0165380411 0.3324048212)
(0.8080246118 0.02363097497 0.2638787897)
(0 0 0)
(0 0 0)
(0 0 0)
(0 0 0)
(0.06730543298 -0.04408346962 -0.03757790592)
(0 0 0)
(0 0 0)
(0 0 0)
(0.9107309494 -0.04151707798 0.174721871)
(0.6843509891 -0.09677502638 0.2372484123)
(1.592836677 -0.01439734167 0.3273398793)
(0.5298332479 -0.08077314246 0.0719095598)
(0.5942179245 -0.09245633367 0.3023202091)
(0.1435698892 -0.1348726189 -0.03096420875)
(0 0 0)
(1.038393729 0.008720149253 0.343731733)
(0 0 0)
(0.8670087048 -0.1132756174 0.204989845)
(0.5906469942 -0.08759428015 0.2496496405)
(0.6450707465 -0.09029436979 0.2403748006)
(0.664306839 -0.06481332057 0.1086388893)
(0.5731713238 -0.08257321671 -0.01701234455)
(0 0 0)
(0.8655334693 -0.03516724131 0.3211994874)
(1.032664154 -0.1189125576 0.2109303853)
(0.8640181495 -0.1095569443 -0.01535281696)
(0.9671628479 -0.1297341384 0.1659795867)
(1.034522883 0.1770924686 0.1601870759)
(0 0 0)
(0.7329339756 -0.1516983191 0.1178434575)
(1.025896086 -0.09979842784 0.1601029247)
(0.4297287677 -0.09131868332 0.03523461712)
(0 0 0)
(0 0 0)
(0 0 0)
(0 0 0)
(0 0 0)
(0 0 0)
(0 0 0)
(0.7570060946 0.03945264574 0.1021248986)
(0 0 0)
(0 0 0)
(1.342678132 -0.03157563946 0.4326697132)
(0.04770412373 -0.02368589776 -0.02804610285)
(0.0291065282 -0.0323657709 0.00135406809)
(0 0 0)
(0 0 0)
(0.8102329915 0.1207440574 0.3167470643)
(0 0 0)
(0 0 0)
(0.9115421385 -0.07959517212 0.194906745)
(1.097599876 -0.02163989428 0.2947962645)
(1.020849398 -0.1118405449 0.265787192)
(0 0 0)
(0.02215746055 -0.04885995326 0.005700099668)
(0.9373235084 -0.07974668173 0.3841864015)
(0.7954521921 -0.06374366289 0.2690487058)
(0 0 0)
(0 0 0)
(0.01599433197 -0.01738463865 -0.009859754378)
(0.1601911391 -0.02966778536 -0.1308146996)
(-0.008420455335 -0.008129761808 -0.03467134759)
(0 0 0)
(0 0 0)
(0 0 0)
(0 0 0)
(0 0 0)
(0 0 0)
(0 0 0)
(0.5383409558 0.08722599488 0.1221073378)
(0 0 0)
(0 0 0)
(0.7008526422 0.05757675189 -0.07835789037)
(0 0 0)
(0.05454464306 -0.04257717844 -0.02453284598)
(0.1709030674 -0.04844423071 -0.05299735645)
(0.06598077005 -0.01467646837 -0.1063514174)
(0.07581243615 -0.01785959223 -0.04087369076)
(0.1301407444 -0.04130048947 -0.1052561928)
(1.608344399 0.1888688103 0.3081971483)
(1.86506242 0.1490692021 0.6018136381)
(0.9234999044 -0.1057135362 0.2114987298)
(0.9458143395 -0.04020111062 0.03703323096)
(0 0 0)
(0 0 0)
(0.2384936712 -0.0007234368155 -0.107866869)
(0 0 0)
(0 0 0)
(0.6894708813 0.1227850657 -0.1175108682)
(0.6812637707 0.07387220523 -0.1033122636)
(1.117987672 -0.1975448225 -0.009260806203)
(0.4870561291 0.06656251107 -0.05879733367)
(0.9184971132 -0.09692094583 -0.05074350246)
(0.4063754551 -0.1369979498 -0.05344788654)
(0.2345976285 0.02861170233 -0.1512632975)
(0.3850147615 -0.1058674382 -0.154731871)
(0.164385212 0.01407269885 -0.03989196513)
(0.2522059615 -0.01814529529 -0.1132443439)
(0.07477780107 -0.00372477798 -0.07658690062)
(0.1733467117 -0.04312285674 -0.03393033698)
(0.03495014436 0.00363942888 -0.08092736049)
(0.1298674886 -0.03343877675 -0.0716287761)
(0.1091412303 0.006193302122 -0.04404589239)
(0 0 0)
(0.0276955115 -0.0222011207 -0.01691511178)
(0 0 0)
(-0.005270355505 -0.01774705385 -0.000318117239)
(0.1289594792 0.02809270231 -0.0467969025)
(0.1353074226 -0.0005221799739 -0.03860641356)
(0.240355803 -0.03010002483 -0.07919230352)
(0.2257938008 0.02379747932 -0.2198304724)
(0.1266909347 0.05437643221 -0.09410442267)
(0.2414096955 -0.0635051699 -0.07036456763)
(0.08008517875 -0.02926073333 -0.05880183151)
(0.1205191876 -0.00430735211 -0.03301056022)
(0.1552063676 0.03422193049 -0.07297095533)
(0.2013166085 -0.02567488003 -0.06892789577)
(0.2671167205 -0.05293044507 -0.1417483593)
(0.07092751415 -0.01362275521 -0.03564705989)
(0.1248065774 0.009215383241 -0.1393970469)
(0.09745026532 -0.02467351996 -0.0898128854)
(0.2221661649 -0.04792490386 -0.05573838097)
(0.02955900095 -0.007371662122 -0.01399583178)
(0.03309683267 -0.02549831045 -0.05653732808)
(0 0 0)
(0 0 0)
(0 0 0)
(0.03681636169 -0.01168737766 -0.0165688024)
(0.04758177078 0.007642783244 -0.05981543664)
(0 0 0)
(0.1394060034 -0.06951983312 -0.08181122195)
(0.07814749326 0.04245428321 -0.0908064164)
(0.07826691525 -0.02904401398 -0.02765964884)
(0.02355450188 -0.01826761111 -0.05567127961)
(0.02447664374 -0.005869402253 -0.01365204372)
(0.07231101128 -0.008834587492 -0.003774402996)
(0.03284946935 -0.01991827151 -0.0251519287)
(0 0 0)
(0.1147136947 -0.05526839622 -0.05366531247)
(0 0 0)
(0.07522431996 -0.009254416661 -0.0542454965)
(0.02073406545 0.008902175478 -0.01919824958)
(0.1180917495 -0.02085892842 -0.0682388088)
(0.02409034247 -0.01300817052 0.02337906145)
(0 0 0)
(0.03969108943 -0.01858115649 0.02726782395)
(0 0 0)
(0 0 0)
(0 0 0)
(0 0 0)
(0 0 0)
(0 0 0)
(0 0 0)
(0 0 0)
(0 0 0)
(0.2075876023 -0.04463053442 0.1640322621)
(0 0 0)
(0 0 0)
(0 0 0)
(0 0 0)
(0.2869797684 -0.09914587658 0.06312549324)
(0 0 0)
(0 0 0)
(0 0 0)
(0.188915662 0.08276345577 0.1577362044)
(0 0 0)
(0 0 0)
(0 0 0)
(0 0 0)
(0 0 0)
(0 0 0)
(0 0 0)
(0 0 0)
(0.5054212464 -0.001429804173 0.3148965708)
(0 0 0)
(0 0 0)
(0 0 0)
(0.5602301359 -0.01373816848 0.2994115892)
(0 0 0)
(0 0 0)
(0 0 0)
(0.2646858938 -0.06485052291 0.07977889516)
(0 0 0)
(0 0 0)
(0 0 0)
(0.1892798149 -0.03858539106 0.1092899676)
(0 0 0)
(0 0 0)
(0 0 0)
(0 0 0)
(0.01418533012 -0.007083731635 0.017092381)
(0 0 0)
(0.1201459927 -0.0253779407 0.06948115952)
(0 0 0)
(0 0 0)
(0 0 0)
(0 0 0)
(0 0 0)
(0 0 0)
(0 0 0)
(0 0 0)
(0 0 0)
(0 0 0)
(0 0 0)
(0 0 0)
(0 0 0)
(0 0 0)
(0 0 0)
(0.3456314897 -0.06195651465 0.1540289001)
(0 0 0)
(0 0 0)
(0 0 0)
(0 0 0)
(0 0 0)
(0 0 0)
(0 0 0)
(0 0 0)
(0 0 0)
(0 0 0)
(0.06164609276 -0.06034355297 0.02565671997)
(0.01696571663 -0.04671404205 0.06407328837)
(0 0 0)
(0 0 0)
(0 0 0)
(0 0 0)
(0 0 0)
(0 0 0)
(0 0 0)
(0.3569910204 0.005992606986 0.2196459091)
(0 0 0)
(0 0 0)
(0 0 0)
(0 0 0)
(0 0 0)
(0 0 0)
(0.3069117843 0.02634392844 0.1945976162)
(0 0 0)
(0 0 0)
(0 0 0)
(0 0 0)
(0 0 0)
(0 0 0)
(0 0 0)
(0 0 0)
(0 0 0)
(0 0 0)
(0 0 0)
(0 0 0)
(0 0 0)
(0 0 0)
(0 0 0)
(0 0 0)
(0.1268528778 -0.04499013839 0.02258909493)
(0 0 0)
(0 0 0)
(0 0 0)
(0 0 0)
(0 0 0)
(0 0 0)
(0 0 0)
(0 0 0)
(0 0 0)
(0 0 0)
(0 0 0)
(0 0 0)
(0 0 0)
(0 0 0)
(0 0 0)
(0 0 0)
(0.3038462321 -0.003009345798 0.2699615335)
(0.4891713316 -0.1300872907 0.2842536623)
(0.6428439728 0.008419086649 0.1970723339)
(0 0 0)
(0 0 0)
(0 0 0)
(0 0 0)
(0 0 0)
(0 0 0)
(0 0 0)
(0 0 0)
(0 0 0)
(0 0 0)
(0 0 0)
(0 0 0)
(0 0 0)
(0.01902838931 -0.03574098222 0.0008833459148)
(0.3099926852 0.03288062395 0.1562129928)
(0 0 0)
(0 0 0)
(0 0 0)
(0 0 0)
(0 0 0)
(0.02082733515 -0.1170855296 0.03132343811)
(0 0 0)
(0 0 0)
(0 0 0)
(0 0 0)
(0 0 0)
(0 0 0)
(0 0 0)
(0 0 0)
(0 0 0)
(0 0 0)
(0 0 0)
(0 0 0)
(0 0 0)
(0.8571532625 -0.07750290973 0.3697912786)
(0.7223669468 -0.01227442696 0.4189894583)
(0 0 0)
(0 0 0)
(0 0 0)
(0 0 0)
(0 0 0)
(0 0 0)
(0 0 0)
(0 0 0)
(0 0 0)
(0 0 0)
(0 0 0)
(0 0 0)
(0 0 0)
(0 0 0)
(0 0 0)
(0 0 0)
(0.2335864975 -0.1006096756 0.08802392402)
(0 0 0)
(0.03096956448 -0.02529635538 -0.004582573956)
(0.06866937468 -0.1049520034 0.01453345183)
(0 0 0)
(0 0 0)
(0 0 0)
(0 0 0)
(0 0 0)
(0 0 0)
(0 0 0)
(0 0 0)
(0 0 0)
(0 0 0)
(0 0 0)
(0 0 0)
(0 0 0)
(0.8551686364 -0.0574341445 0.2518850813)
(0 0 0)
(0 0 0)
(0 0 0)
(0 0 0)
(0 0 0)
(0 0 0)
(0 0 0)
(0 0 0)
(-0.0004859698764 -0.01954247466 0.007036589484)
(0 0 0)
(0 0 0)
(0 0 0)
(0 0 0)
(0 0 0)
(0 0 0)
(0.7130384183 -0.257653617 0.3029125479)
(0.7031275875 -0.007748753766 0.2753704171)
(0.3933251049 0.09213073239 0.2222904301)
(0.8171595259 -0.1539248589 0.2955417978)
(0 0 0)
(0 0 0)
(0 0 0)
(0 0 0)
(0 0 0)
(0 0 0)
(0 0 0)
(0 0 0)
(0.2816777028 0.1767959077 0.2531748298)
(0.2634795307 -0.05490642921 0.07055322667)
(0.1850758059 -0.1337920627 -0.03739275942)
(0.1592062323 -0.04076322439 -0.003411511373)
(0.05078650828 -0.03315126448 -0.04313799681)
(0 0 0)
(0 0 0)
(0 0 0)
(0 0 0)
(0 0 0)
(0 0 0)
(0 0 0)
(0 0 0)
(0 0 0)
(0 0 0)
(0.3356961484 -0.09898253546 0.2175125894)
(0 0 0)
(0 0 0)
(0 0 0)
(0 0 0)
(0 0 0)
(0 0 0)
(0 0 0)
(0 0 0)
(0 0 0)
(0 0 0)
(0 0 0)
(0 0 0)
(0 0 0)
(0 0 0)
(0 0 0)
(0 0 0)
(0.3310072366 0.03590541175 0.06457892217)
(0 0 0)
(0 0 0)
(0.8599676796 -0.1065817361 0.253546078)
(0.5927037106 -0.1566585415 0.3628684959)
(0 0 0)
(0 0 0)
(0 0 0)
(0 0 0)
(0 0 0)
(0 0 0)
(0 0 0)
(0 0 0)
(0 0 0)
(0 0 0)
(0 0 0)
(0 0 0)
(0.4684600997 -0.117837871 0.1508180273)
(0.4369395182 -0.1414673989 0.09626733177)
(0 0 0)
(0 0 0)
(0 0 0)
(0 0 0)
(0 0 0)
(0 0 0)
(0 0 0)
(0 0 0)
(0 0 0)
(0 0 0)
(0 0 0)
(0 0 0)
(0 0 0)
(0 0 0)
(0.8022747835 -0.02729116167 0.2561051467)
(0 0 0)
(0 0 0)
(0 0 0)
(0 0 0)
(0 0 0)
(0 0 0)
(0 0 0)
(0 0 0)
(0 0 0)
(0 0 0)
(0 0 0)
(0 0 0)
(0 0 0)
(0.7182084579 -0.157921321 0.1897914906)
(0.4412846905 -0.0217911507 0.1190060519)
(0 0 0)
(0 0 0)
(0 0 0)
(0.5786276662 0.02718169941 0.2178228653)
(0 0 0)
(0 0 0)
(0 0 0)
(0 0 0)
(0 0 0)
(0.7997113414 -0.03119174567 0.2173754199)
(0 0 0)
(0 0 0)
(0 0 0)
(0 0 0)
(0 0 0)
(0.4198776992 -0.01656241224 0.1193632041)
(0.2042215498 -0.05461293043 0.07730150539)
(0.6230333514 -0.184759348 0.03042613579)
(0.3393970487 -0.1129221621 -0.03239254545)
(0.0162346467 -0.02852227311 -0.00321361603)
(0.02978097452 -0.01836686759 0.007214562468)
(0 0 0)
(0 0 0)
(0 0 0)
(0 0 0)
(0 0 0)
(0 0 0)
(0 0 0)
(0 0 0)
(0 0 0)
(0 0 0)
(0 0 0)
(0 0 0)
(0 0 0)
(0 0 0)
(0 0 0)
(0 0 0)
(0 0 0)
(0 0 0)
(0 0 0)
(0 0 0)
(0 0 0)
(0 0 0)
(0 0 0)
(0 0 0)
(0 0 0)
(0.8979047331 -0.1381379987 0.2308605596)
(0 0 0)
(0 0 0)
(0 0 0)
(0 0 0)
(0 0 0)
(0 0 0)
(0 0 0)
(0 0 0)
(0 0 0)
(1.054795474 -0.04215132493 0.3709336979)
(0 0 0)
(0 0 0)
(0 0 0)
(0 0 0)
(0 0 0)
(0 0 0)
(0.02072179083 -0.03005242971 0.009501361866)
(0 0 0)
(0.01021063375 -0.02007572762 0.01024285101)
(0 0 0)
(0 0 0)
(0 0 0)
(0.1096708871 -0.07592011353 -0.0346649365)
(0.9925028274 -0.06788581348 0.08117409028)
(0.01770864005 -0.01718472149 -0.01015688978)
(0.1173089918 -0.04191394684 -0.01882928859)
(0.01342370818 -0.005627646516 -0.02056430209)
(0 0 0)
(0.08632475162 -0.07916683499 0.02925187461)
(0 0 0)
(0 0 0)
(0 0 0)
(0 0 0)
(0 0 0)
(0.03705710805 -0.0423379834 -0.01412401855)
(0.00590092215 -0.01814618808 -0.003500782654)
(0 0 0)
(0 0 0)
(0 0 0)
(0 0 0)
(0 0 0)
(0 0 0)
(0 0 0)
(0 0 0)
(0 0 0)
(0 0 0)
(0 0 0)
(0 0 0)
(0.8617680821 0.07077411716 0.1666218913)
(0 0 0)
(0 0 0)
(0 0 0)
(0.7026585895 -0.01816771614 0.2207544561)
(0 0 0)
(0 0 0)
(0 0 0)
(0 0 0)
(0 0 0)
(0 0 0)
(0 0 0)
(0 0 0)
(0 0 0)
(0 0 0)
(0 0 0)
(0 0 0)
(0 0 0)
(0.8060465432 -0.01457270143 0.0974056682)
(0.008830774642 -0.0148886381 -0.03648262372)
(0 0 0)
(0 0 0)
(0 0 0)
(0 0 0)
(0 0 0)
(0 0 0)
(0 0 0)
(0.8009844429 -0.08711039745 0.1159351871)
(0.5126482265 -0.0737983437 0.02092056421)
(0.05436532242 -0.03331697981 -0.02087808415)
(0 0 0)
(0 0 0)
(0 0 0)
(0.01492072547 -0.04044533841 0.007447458286)
(0 0 0)
(0 0 0)
(0 0 0)
(0 0 0)
(0 0 0)
(0 0 0)
(0.4456358356 -0.1161298429 0.1173394518)
(0.5012821996 -0.2938505527 0.02253105776)
(0.1027915583 -0.0341291071 -0.01045283343)
(0.1251725789 -0.005631647224 -0.004070936429)
(-0.005258614216 -0.0394339924 -0.01433272006)
(0.002261441262 -0.01968500183 -0.01186821134)
(0 0 0)
(0 0 0)
(0 0 0)
(0 0 0)
(0 0 0)
(0 0 0)
(0 0 0)
(0 0 0)
(0 0 0)
(0 0 0)
(0 0 0)
(0 0 0)
(0 0 0)
(0 0 0)
(0 0 0)
(0 0 0)
(0 0 0)
(0 0 0)
(0 0 0)
(0 0 0)
(0 0 0)
(0 0 0)
(0 0 0)
(0 0 0)
(0 0 0)
(0 0 0)
(0 0 0)
(0.005963644565 -0.01837295014 0.0005180223304)
(0.01394717989 -0.01808819845 -0.008420283036)
(0.01329588171 -0.01057336816 -0.01105327658)
(0 0 0)
(1.064854274 -0.2103338531 0.2173294034)
(0.8122479781 -0.1048009273 0.07800131998)
(0 0 0)
(0 0 0)
(-0.0101479291 -0.004514353527 -0.01454923312)
(0 0 0)
(0 0 0)
(0 0 0)
(0 0 0)
(0.06082681198 -0.0467907721 -0.02950324159)
(0 0 0)
(0 0 0)
(0.1549432341 -0.06854813986 0.02993127136)
(0.1300863552 -0.06203771413 -0.1058876713)
(0 0 0)
(0 0 0)
(0.0914800311 -0.0848795552 -0.05329798197)
(0.02592765042 -0.003966446385 -0.01370952489)
(0.03824707183 -0.006243188057 -0.02020443985)
(0 0 0)
(0.09289089547 -0.03126633394 -0.03687851561)
(0 0 0)
(0 0 0)
(0 0 0)
(0 0 0)
(0 0 0)
(0 0 0)
(0 0 0)
(0 0 0)
(0 0 0)
(0 0 0)
(0 0 0)
(0 0 0)
(0 0 0)
(0 0 0)
(0 0 0)
(0 0 0)
(0.9533442283 -0.1064877378 0.3946751084)
(0 0 0)
(0 0 0)
(0 0 0)
(0 0 0)
(0 0 0)
(0 0 0)
(0 0 0)
(0.06613955212 -0.1092953942 -0.01374862331)
(0 0 0)
(0 0 0)
(0 0 0)
(0 0 0)
(1.437491838 -0.1307046668 0.03384230801)
(0.4185291089 -0.1305636078 -0.01790973868)
(0 0 0)
(0.006369478825 -0.01220827617 -0.01443589192)
(0 0 0)
(0.04936969182 -0.01688395867 -0.02023622446)
(0 0 0)
(0 0 0)
(0 0 0)
(0.02762274212 -0.02233780982 -0.009907864326)
(0 0 0)
(0.1673436442 -0.01973744621 -0.003653645635)
(0.07341268845 0.009432351684 -0.01361790797)
(0.1781044283 -0.02659958011 -0.06995414421)
(0.1803216519 -0.01544380303 -0.05117976117)
(0.03712031519 -0.03541219425 0.01202435629)
(0.03338113258 -0.023537974 -0.02787957884)
(0 0 0)
(0.0478343586 -0.03073694023 -0.03627649661)
(0.0599886602 -0.02228346994 -0.01680822337)
(0 0 0)
(0.003589544288 -0.0132097241 -0.04405999415)
(0.1112763056 -0.04314094015 -0.05201639068)
(0 0 0)
(0 0 0)
(0.005696015867 -0.03216736894 -0.0249745592)
(0.0496128884 -0.0006908024692 -0.0473138594)
(0.05394892137 -0.02485619542 -0.008330223103)
(0.04032259091 -0.02133931617 -0.02311638396)
(0 0 0)
(0 0 0)
(0 0 0)
(-0.00275350399 -0.01589704117 -0.02164443587)
(0.1391316204 -0.01947959374 -0.09206960122)
(-0.001123572501 -0.001478052552 -0.02689788619)
(0.002838266162 0.001558793792 -0.0224323169)
(0 0 0)
(0 0 0)
(0 0 0)
(0 0 0)
(0 0 0)
(0 0 0)
(0 0 0)
(0 0 0)
(0 0 0)
(0.8277303065 0.1237875773 0.2896355343)
(0 0 0)
(0 0 0)
(0 0 0)
(0 0 0)
(0 0 0)
(0 0 0)
(1.191779272 -0.1760038551 0.2204958357)
(1.093851025 -0.260436157 -0.06737696233)
(0.01580408409 -0.002443169221 -0.02879930579)
(0 0 0)
(0 0 0)
(0 0 0)
(0 0 0)
(0 0 0)
(0.7417411773 -0.2048428692 -0.106519134)
(0.3480810323 -0.04865200221 -0.01537421552)
(0.1483663434 -0.02357915953 -0.05622299165)
(0 0 0)
(0 0 0)
(0 0 0)
(0.07134026517 -0.03151813313 -0.03444256811)
(0 0 0)
(0 0 0)
(0.4585341354 -0.1145917904 0.02566786849)
(0.06477649694 -0.05583726775 -0.0558539251)
(0.01027836964 -0.001302833279 -0.01341913878)
(0.1578230247 -0.01301366029 -0.01843062095)
(0.1616000499 -0.07498865848 -0.0856903412)
(0.0495382936 -0.07313572313 -0.02014970908)
(0.1146649939 -0.01783852744 -0.1056981937)
(0.005956791275 -0.01731242264 -0.009170932492)
(0.02978655852 -0.0583604713 -0.02048099397)
(0 0 0)
(0 0 0)
(0.06235830751 -0.01077344677 -0.01208595016)
(0 0 0)
(0.04157907542 -0.03970294723 0.006443777549)
(0.02705491516 -0.01197459977 -0.02715003421)
(0.04199291652 -0.01777671626 -0.02126081997)
(0.05731114529 -0.009913495304 -0.0493583615)
(0 0 0)
(0 0 0)
(0 0 0)
(0 0 0)
(0 0 0)
(0.00544996443 -0.004921967956 -0.01401704935)
(0.05064272809 -0.02477102245 -0.01222043133)
(0 0 0)
(0.1340763168 -0.04607208387 -0.01464939939)
(0.05852801512 -0.060354054 -0.02348423265)
(0.1320141497 -0.05120546239 -0.117727592)
(0 0 0)
(0 0 0)
(0 0 0)
(0 0 0)
(0 0 0)
(0 0 0)
(0 0 0)
(0 0 0)
(0 0 0)
(0 0 0)
(0 0 0)
(0 0 0)
(0 0 0)
(0 0 0)
(0 0 0)
(0.5525236078 -0.05055893006 -0.1517831913)
(0.2174765775 -0.1048737159 -0.1206522143)
(0 0 0)
(0 0 0)
(0 0 0)
(0 0 0)
(0 0 0)
(0.5892336458 -0.04627184589 -0.2343186606)
(0.09587707534 -0.04062095211 -0.1009108614)
(0.1511127116 -0.1729194696 -0.01454949873)
(0.02056160265 -0.006968314184 -0.02144502919)
(0.1033423204 -0.006534973205 -0.03473219746)
(0.1009173787 0.007657811301 -0.04752109304)
(0.1674869628 -0.09809549896 -0.00163606306)
(0.1158185565 0.01914681323 -0.03451882717)
(0.0790667219 -0.04616512678 -0.01775211529)
(0.02776987908 -0.04015832686 -0.004887637799)
(0.1064345864 -0.04460811881 -0.07270529799)
(0 0 0)
(0 0 0)
(0.04092554559 -0.03842090396 -0.006676393231)
(0 0 0)
(0 0 0)
(0 0 0)
(0 0 0)
(0 0 0)
(0 0 0)
(0 0 0)
(0 0 0)
(0 0 0)
(0.2996184416 -0.04050051734 -0.06089273951)
(0.004937106059 -0.07588928699 -0.02705247982)
(0.05840036777 -0.02929236036 -0.05325865564)
(0.101829071 -0.04400190715 -0.05567226144)
(0.307646349 -0.04731734404 -0.07210644457)
(0.09130822372 -0.01894616074 -0.07583233196)
(0.1092967176 -0.003795059465 -0.04794673674)
(0 0 0)
(0.007665508181 -0.01092553732 -0.03154105989)
(0.03335101741 -0.03235147045 -0.02455354617)
(0.1030487785 -0.04111501718 -0.06427625784)
(0.1664973155 -0.02366285594 -0.05256124879)
(0 0 0)
(0.0749099462 -0.03592808252 -0.04069256696)
(0.06554207398 -0.0728353596 -0.04788657409)
(0 0 0)
(0.01320556677 -0.01440732212 -0.03168913539)
(-0.003888814636 -0.03079127536 -0.008148759122)
(0 0 0)
(0.05658706454 -0.02122970001 -0.002280234408)
(0 0 0)
(0.04899426143 -0.06570836366 -0.041681352)
(0.03656145639 -0.003089672539 -0.02716775048)
(0 0 0)
(0.0198077974 -0.02095627951 -0.01758335871)
(0 0 0)
(0 0 0)
(0 0 0)
(0.08430000614 -0.06112284098 -0.04013064608)
(0.5507807595 -0.02410367662 -0.1160045652)
(0.1241855152 0.007331141406 -0.08984207166)
(0.0294843985 0.02894508373 -0.05078315988)
(0.3879836594 0.08888712145 -0.2046754505)
(0.5393515155 0.02881846613 -0.2484294537)
(0.03052062286 -0.00585509729 -0.04613876917)
(0.2610842537 -0.05253750441 -0.1126979842)
(0 0 0)
(0 0 0)
(0 0 0)
(0.3239333759 0.03096690549 -0.09403584768)
(0.2018558634 -0.01219736453 -0.118776998)
(0.3116062282 0.06542282778 -0.11912218)
(0.149123385 -0.1352050363 -0.06042942259)
(0.1518912093 -0.04759101274 -0.07255610548)
(0.03143976149 0.01594395311 -0.07655607499)
(0.1286159504 -0.07103915369 -0.1074519325)
(0.2053234901 -0.04153239626 -0.09552806045)
(0 0 0)
(0 0 0)
(0 0 0)
(0.1647758011 -0.03908266366 -0.08162147915)
(0.2681878408 -0.0755850487 -0.1254910842)
(0.1407283486 -0.06607589906 -0.11511049)
(0.04371057283 -0.01186752532 -0.05447769339)
(0 0 0)
(0.2304475729 -0.0465858847 -0.09385461129)
(0.05579804211 0.02473136862 -0.09176972266)
(0.3990885251 -0.03110388681 -0.1007928244)
(0 0 0)
(0 0 0)
(0 0 0)
(0.3319291906 0.02575067281 -0.0943186244)
(0.0856979223 -0.04187712227 -0.01368960808)
(0.3571011424 -0.06822394126 -0.1456004936)
(0.1965238764 0.02756451587 -0.06938677756)
(0.123314764 0.008581185888 -0.0674559814)
(0.3200836162 -0.08840677151 -0.1819872411)
(0.0869662895 -0.01072153909 -0.1085930015)
(0.1385264982 -0.06695081223 -0.04452019381)
(0.2562794899 0.0142943482 -0.05375408461)
(0.2669930169 -0.078876102 -0.1276123813)
(0.2042224354 -0.03190641845 -0.1184657698)
(0.3228248099 -0.03160040088 -0.10757986)
(0 0 0)
(0 0 0)
(0 0 0)
(0 0 0)
(0 0 0)
(0.3366873655 -0.08210674224 -0.2273454289)
(0.4000723325 -0.01433456288 -0.05389423015)
(0.04510377857 -0.04743323503 -0.0131093854)
(0.1423135154 -0.02261778151 -0.04452403516)
(0.2199368537 -0.1263281009 -0.04857351722)
(0.1563754585 -0.08888134452 -0.04540566354)
(0 0 0)
(0.184670518 -0.04947809597 -0.0818174216)
(0.1263294603 -0.001920863578 -0.07442760046)
(0.06038837437 0.02544997861 -0.03831484014)
(0.0841090384 -0.02519140244 -0.07807203356)
(0.1087550262 -0.0447066056 0.00371738936)
(0.09248427089 -0.02642861909 -0.05092801514)
(0.1962226199 0.06144799346 -0.1244946552)
(0.1253059569 -0.02185578603 -0.03798214534)
(0.03915003539 -0.02626485041 -0.03276000297)
(0.04802131768 -0.05255004424 -0.01131269342)
(0.07482777619 -0.03935832891 -0.008108462762)
(0.1032920951 -0.0225842406 -0.04747010723)
(0.1209742966 -0.01660577858 -0.05572070326)
(0.0551253533 -0.007683600843 -0.01747904018)
(0.02625247044 -0.006455600372 -0.02210891382)
(0 0 0)
(0.0325715977 -0.02518310029 -0.003862848512)
(0 0 0)
(0 0 0)
(0 0 0)
(0.02661419235 -0.03840016862 -0.02926519359)
(0 0 0)
(0.05401252805 0.02598743118 -0.07524833129)
(0.1427229844 0.03500381231 -0.06684933233)
(0.02902685416 -0.003123545947 -0.01424792067)
(0.04130447419 -0.0002540701754 -0.01981059762)
(0.05164501024 -0.005721860602 -0.02219254463)
(0.1705174722 -0.01125036437 -0.1029340237)
(0.1176601409 -0.1174475108 -0.1902477401)
(0.09802555967 0.005097101069 -0.04110213813)
(0.04708458332 0.03274632874 -0.06018004184)
(0.07828170783 -0.008374813957 -0.02545371616)
(0.05473445357 -0.022801091 -0.005250663232)
(0.06072351191 -0.02951718228 -0.02832880791)
(0 0 0)
(0.1005556884 -0.09866368898 -0.03120158651)
(0.0976337533 -0.03682331252 -0.05002791791)
(0 0 0)
(0 0 0)
(0.06246658015 -0.03267959315 -0.01007438571)
(0.04367905598 -0.03441651031 -0.03448217326)
(0.03497477645 -0.0240371095 -0.03915353432)
(0.03957753813 -0.02734528325 -0.02366329241)
(0 0 0)
(0 0 0)
(0 0 0)
(0 0 0)
(0.2018709586 0.05955850474 -0.04536850597)
(0.1293745698 0.02492934422 -0.121863676)
(0.3223540126 0.1177430686 -0.2324178972)
(0.1357710169 0.1081160862 -0.08901688787)
(0.2356682122 0.01055682764 -0.04022155643)
(0.01395955581 -0.03090537316 -0.03939193125)
(0.02205143578 0.002815197186 -0.02506539589)
(0.1977745556 0.02423655911 -0.08625117951)
(0.6746118836 -0.0760800029 -0.1966325951)
(0.09322093601 0.01555168117 -0.005524029842)
(0.1951211648 0.05639185034 -0.137164047)
(0.01853646967 0.01938777365 -0.1288260495)
(0.06185191829 -0.06208161719 -0.05756327999)
(0 0 0)
(0 0 0)
(0 0 0)
(0 0 0)
(0.2161588432 -0.02434850292 -0.1192117937)
(0.1962561122 -0.08516499211 -0.0322125844)
(0.2684724014 -0.03829950926 -0.08577230571)
(0.2575212702 -0.01186215663 -0.07484096071)
(0.0924364467 -0.02740001747 -0.1051933309)
(0.2186381618 -0.04619727808 -0.01559057317)
(0.2444485425 -0.04977944779 -0.07185361491)
(0.08306097342 0.02966282784 -0.05553139006)
(0.1224561778 -0.04514408522 -0.08045634194)
(0.120749555 -0.002092315998 -0.05385170173)
(0.1865264595 -0.01249582739 -0.07653947885)
(0.1035249434 -0.02646017038 -0.001814788935)
(0 0 0)
(0 0 0)
(0 0 0)
(0.142427498 -0.02205898134 -0.03201926289)
(0.1553094124 0.02234290947 -0.03047336223)
(0 0 0)
(0.2903440752 -0.05015296422 -0.1636298937)
(0 0 0)
(0.2033536251 -0.06001480771 -0.01038241812)
(0.137066073 0.02111288791 -0.09327339866)
(0.07015264825 -0.02095418794 0.003869310745)
(0.03423067785 0.009321717027 -0.08039380604)
(0.2937167948 -0.0518331226 -0.1846478582)
(0.2314339804 -0.04326036333 -0.07517120783)
(0.0883371949 0.009838736771 -0.08244497727)
(0.04675242595 -0.004877424044 -0.0326900912)
(0 0 0)
(0 0 0)
(0 0 0)
(0.06391144514 0.009136844198 -0.05412828107)
(0 0 0)
(0.07359193896 -0.03194541836 -0.01662452045)
(0.109096828 -0.0004279899384 -0.01607968293)
(0.284945239 -0.0140260305 -0.1538186491)
(0 0 0)
(0.0764978448 -0.002774875702 -0.0996222907)
(0.1343514079 -0.01111114111 -0.01514842201)
(0.1718495036 -0.09995278861 -0.03016966433)
(0.1644227019 -0.01860862252 -0.05318961098)
(0.02162590959 -0.01244011803 -0.05290387234)
(0.1295406282 -0.04844577433 -0.04188443403)
(0.1743152902 -0.07548358854 -0.07980426061)
(0.09612228507 -0.03306170738 -0.0723596787)
(0.01791894378 -0.004644060718 -0.03248387995)
(0.0753769781 -0.06020608876 -0.04021375984)
(0 0 0)
(0.03019438953 -0.02061172252 -0.01468741058)
(0.05508266016 -0.01642388731 -0.07521419264)
(0.01054090645 0.01071175942 -0.02261787422)
(0.1564802181 -0.09400541821 -0.03924036999)
(0.079153404 -0.02985544742 -0.03934797699)
(0 0 0)
(0.05739616551 -0.02539692072 -0.03424510604)
(0.03515835891 -0.02293002443 -0.01160968009)
(0.05804973821 -0.005444101499 -0.01883936516)
(0 0 0)
(0 0 0)
(0 0 0)
(0 0 0)
(0 0 0)
(0 0 0)
(-0.0008312973629 -0.004004830487 -0.01370929636)
(0.1841059093 -0.02712361415 -0.02544543852)
(0 0 0)
(0.08756807759 -0.05397976955 -0.001226727602)
(0.1033136011 -0.05811640675 -0.04255891238)
(0 0 0)
(0.07752764134 -0.00059268021 -0.0171647978)
(0 0 0)
(0 0 0)
(0 0 0)
(0.04130119487 -0.01039286964 -0.02435139244)
(0 0 0)
(0.1797268818 -0.05739792478 -0.057180181)
(0.3285753114 0.002570726217 -0.0975910401)
(0.336674643 -0.01592723929 -0.1348263654)
(0.1538439569 -0.03895537612 -0.06573336567)
(0.08478303194 -0.05944476247 -0.03836107358)
(0.03641517536 -0.03669049682 -0.04016598412)
(0.2412151409 0.01239590901 -0.1905323179)
(0.1203575541 -0.004899131126 -0.01767104639)
(0.04572528018 0.0004647390247 -0.02846470134)
(0.03643840988 0.0208673735 -0.03129714313)
(0 0 0)
(0 0 0)
(0.07184347223 -0.03973630171 -0.06686359318)
(0.009341109899 -0.09322715161 -0.02493737022)
(0.1568294633 0.02467051827 -0.1128336947)
(0.2088657082 0.04145656694 -0.1073057082)
(0.07531774708 -0.06598394953 -0.09636525506)
(0.197096756 -0.004798550287 -0.01248488639)
(0.02562261903 -0.02513266792 -0.03733350244)
(0.1407777491 -0.004916702244 -0.08113188298)
(0.09766251587 -0.04601151481 -0.1135059524)
(0.0532931149 -0.02456827053 -0.04031713493)
(0.07666032781 -0.03353471631 -0.07503297094)
(0 0 0)
(0.2148650501 -0.02771715956 -0.08505440169)
(0.4190589196 0.02041575094 -0.1116550723)
(0.09774700815 -0.004030413649 -0.00359342823)
(0.008476932886 -0.03772913966 -0.01817142945)
(0 0 0)
(0 0 0)
(0 0 0)
(0 0 0)
(0 0 0)
(0 0 0)
(0 0 0)
(0.1648127448 -0.07592558527 -0.1094434836)
(0 0 0)
(0.09918135927 -0.02662805856 -0.04883246909)
(0.09653660904 -0.02773551278 -0.04992994517)
(0.05175303217 -0.02901704907 -0.01033774117)
(0.09062845542 -0.06612403692 -0.03651564167)
(0.1539597467 -0.03560226827 -0.01959508768)
(0.04919417406 -0.03209101162 -0.02954485435)
(0.1246422051 -0.04527021426 -0.02666418966)
(0 0 0)
(0 0 0)
(0 0 0)
(0 0 0)
(0 0 0)
(0 0 0)
(0.1452954583 -0.07630409871 -0.07254668422)
(0.1401321209 0.03397638104 -0.05829393491)
(0.01385266573 -0.008494014158 -0.007249273522)
(0.08785532102 -0.0837006235 -0.05771366019)
(0.09539775015 -0.04509133115 -0.03026889164)
(0 0 0)
(0 0 0)
(0.2587092315 -0.01047588524 -0.06548012979)
(0.01861747964 -0.03678390672 -0.05104796688)
(0.1104913008 -0.03438560915 -0.08483831136)
(0.05235962315 -0.02527642721 -0.05673215511)
(0.1119025952 0.001073471449 -0.08055377616)
(0.07636785501 -0.009218358679 -0.04939624414)
(0 0 0)
(0 0 0)
(0 0 0)
(0 0 0)
(0.03548668051 0.0444006827 -0.0546257678)
(0.189979647 -0.1237497331 -0.08775531126)
(0 0 0)
(0.2110863388 -0.05155549938 -0.06222033518)
(0 0 0)
(0.06088478595 0.0009006419394 -0.0222645798)
)
;
    }
    spline
    {
        type            calculated;
        value           uniform (0 0 0);
    }
}


// ************************************************************************* //
