/*--------------------------------*- C++ -*----------------------------------*\
| =========                 |                                                 |
| \\      /  F ield         | OpenFOAM: The Open Source CFD Toolbox           |
|  \\    /   O peration     | Version:  v1706                                 |
|   \\  /    A nd           | Web:      www.OpenFOAM.com                      |
|    \\/     M anipulation  |                                                 |
\*---------------------------------------------------------------------------*/
FoamFile
{
    version     2.0;
    format      ascii;
    class       volScalarField;
    location    "0.4536";
    object      surfaceHeatTransfer_mixture;
}
// * * * * * * * * * * * * * * * * * * * * * * * * * * * * * * * * * * * * * //

dimensions      [1 0 -3 0 0 0 0];


internalField   uniform 0;

boundaryField
{
    symmetry
    {
        type            symmetry;
    }
    inlet
    {
        type            calculated;
        value           uniform 0;
    }
    orion
    {
        type            calculated;
        value           nonuniform List<scalar> 
1990
(
2469.337855
286.9040359
2539.759228
153.847578
1355.116431
288.4637344
3045.45572
0
2600.037932
0
2941.707901
1465.454953
0
2440.00572
3469.834559
52.08997628
2488.011548
214.8013104
2480.782236
0
0
2905.898745
0
2483.516496
0
1831.626012
0
2043.458541
2579.819065
814.894721
3371.846632
2357.032806
4119.266456
0
1783.733086
0
2622.275457
0
2567.943181
2609.553506
0
4602.381582
25.63328799
4354.630943
0
4436.486699
0
4188.195407
0
4152.871426
0
3674.915834
4397.415208
0
0
3601.657918
0
5574.385576
0
4296.442079
3231.269204
1540.666398
131.6446695
0
0
0
4918.700823
0
4458.558952
0
3289.056179
2587.596715
3661.489973
0
64.47894214
0
0
5229.270251
5752.003094
0
4764.684041
5158.536533
4544.356806
0
4246.267805
0
2533.993426
297.7857495
0
5227.166078
0
6487.733101
5067.111353
0
0
5740.22166
0
5556.184997
28.88373405
3291.877842
0
5508.213493
7321.812812
6871.274828
7589.14616
0
6702.425447
0
0
6466.37363
0
0
6216.84858
0
108.1052376
4933.990022
107.4377012
7702.12989
0
6833.394109
0
6567.871082
0
0
5187.184767
0
44.1115647
0
6600.239942
49.11297842
0
1227.854044
396.8692232
0
0
0
7186.821701
0
7781.190128
0
0
0
6702.70514
0
124.8560302
5974.382246
76.19563276
7189.771343
6905.145973
7615.425138
0
6770.76929
0
0
7716.518718
0
10127.88367
0
9454.207889
31.91258214
2348.140148
478.1453056
283.6560387
0
9049.694712
0
10300.24655
0
10063.97324
0
9422.731294
26.94740059
94.02652713
3822.781528
394.2830865
254.5299205
10340.95267
0
10379.53891
8092.105855
9117.693464
0
8635.102192
151.9685107
0
5345.099542
693.2345568
252.6517855
873.7420942
314.05684
0
0
0
11200.76889
114.0715189
6723.869692
0
1368.599675
859.677011
287.0035663
471.6238433
283.1440597
543.5170876
347.2704991
127.4503293
247.3016774
0
0
0
9866.357125
0
0
3026.849414
1623.384993
2122.419063
138.5623358
1156.708596
1604.044812
585.4081693
872.121176
457.009683
355.5132503
213.4892521
1754.780056
1509.052087
0
4108.257747
2184.907017
0
2600.141202
2228.982693
1484.366655
0
1896.591379
648.9574542
2494.710678
0
2084.787694
781.1984558
1480.133015
253.8852588
617.2863543
0
490.7827895
0
3305.988899
2379.5471
0
1185.529352
3168.71545
2546.482644
0
902.8459089
1721.304352
449.249532
0
855.141737
251.1069362
720.6303126
0
1315.389794
2772.077281
1684.753968
0
1845.432545
741.4393153
0
1622.208354
1058.699592
574.2005099
0
2207.864327
2347.813156
1726.35479
831.7046566
2888.309417
1121.542276
489.470872
9.371980875
32.71440011
1872.074841
3592.734316
1628.485393
2432.08997
1993.969346
330.6377035
481.9829278
0
56.35062476
2125.817638
2390.507952
954.1823274
303.1277365
1382.339703
3793.641147
3999.149819
268.0310903
717.1958256
0
2701.732272
92.46922777
-19.9038115
2487.325479
2974.745596
2872.467418
1036.472642
2240.148579
2766.660257
1896.072846
2316.372206
2168.801282
2862.4944
2569.941031
3223.375745
3152.089242
3507.792299
2648.418432
1835.086607
1873.73103
0
2842.981398
2822.797479
2754.499609
1922.648843
1958.142568
1510.066167
2556.888341
2833.101103
3535.274702
3082.955621
87.21927123
2544.895111
2816.022117
1595.295119
2948.170618
1095.972259
54.46027578
806.1388571
0
3205.626541
2897.996233
1410.818598
636.741473
3092.135641
3225.061071
3633.911321
4581.091347
3094.70879
2630.066061
4345.317398
2609.091095
2913.488168
4936.916745
0
2390.608471
3656.308455
1880.141086
2402.941691
2776.438219
2642.485619
2553.045778
2901.342822
2808.757843
3271.107311
2108.776047
3338.561212
3900.024551
2490.290948
3550.337539
2544.24174
3265.880982
2223.76382
2840.069416
2856.447322
2742.68725
2597.936969
2878.715612
3285.608448
2893.99566
3745.775113
928.4386047
2933.162466
588.0289483
3811.080236
4708.991891
4470.596979
3278.439554
3660.916371
5184.137396
3639.956519
3345.664513
3318.515225
3898.980019
3256.219861
0
3865.092227
4292.398996
4698.00039
3459.226794
4871.916325
2879.565784
3830.499871
3469.704198
2688.554078
2927.41731
4611.670342
3186.338391
3882.822471
2928.018873
4386.867516
3789.741663
3458.446013
3145.273692
2581.20088
2055.135708
2297.264372
3132.937518
3083.94525
4170.469492
2315.750821
2789.094331
451.9365639
49.059894
3532.231854
4645.501619
3934.99888
0
0
4074.801225
5190.659725
3356.833713
4450.654168
4466.869542
3805.393218
2734.949341
4566.04281
4354.936935
3390.548554
3386.482775
3741.8491
5142.633281
3206.981606
3916.361106
3820.918669
3460.359537
3286.630471
3739.1202
2947.248129
4670.118684
3191.37663
2938.309431
3470.378386
3496.953785
2759.614396
1622.716945
3317.27247
334.0953112
5216.988204
4465.116143
3078.90982
3807.24543
3995.879338
0
5920.422742
4482.552164
4494.60634
3997.083257
3309.330319
5456.382266
6294.394152
5384.801699
4679.112224
4416.435614
4754.368568
4149.772919
6507.882032
3347.792378
2793.185901
5244.681622
3802.810021
5259.783142
5051.098298
4037.833807
3644.183606
3290.311835
1825.641854
3536.579475
5305.0006
3930.99356
4406.020386
4331.712767
3533.914706
3547.073739
1038.913418
692.8704767
6257.423486
5433.490571
0
4104.629928
5113.108376
3490.56577
5712.869537
4809.287225
5119.16062
4419.007031
4900.266405
5302.950349
4457.860212
4946.822723
4915.245073
5763.204561
7010.46185
3941.020047
3960.424005
3201.80513
5392.89134
4502.193108
5698.925802
3947.348364
4403.939021
6047.698471
5067.885143
5522.554164
4399.39261
5628.47909
3317.299641
5932.744435
4395.428692
3081.917895
3891.114008
6660.435972
5683.211928
4810.375421
6235.830368
4986.602179
0
6411.059234
5445.571099
5974.441095
4035.599715
8713.03485
6325.712699
6414.254836
5324.5254
6022.106768
4989.54777
4927.803159
4856.330231
4576.326285
4466.934729
5038.97422
5361.102907
4391.070105
5164.883623
6036.130646
5096.435743
3796.196019
4609.829915
6377.182736
5078.962806
5308.202421
7582.015611
6851.749992
7720.847025
5913.947848
5151.327652
6993.761645
6561.42588
5454.937717
6430.203643
6728.131145
6876.666532
6074.440765
5511.085354
6934.406224
5908.763995
5726.900775
6643.090032
6095.991057
6335.14152
4850.849573
5610.321915
5612.663949
4458.017447
5638.434174
3848.344661
5561.692796
1154.783662
7985.622903
5995.648209
7557.911578
7159.781876
7047.713166
5679.945063
6920.333151
7041.731278
6427.963787
0
4708.197679
8461.332711
7142.326017
7957.816629
7315.366429
6354.39623
5921.516089
7651.431815
5195.479971
6361.492678
5855.842346
7974.473906
5415.162331
7482.930138
6868.760902
6269.311423
7212.0955
6387.059904
5810.18422
8007.15516
7004.608581
7944.654626
6252.113373
8060.143307
0
6633.955496
6345.78618
6854.455655
8273.075961
6094.731631
8647.37762
5156.420419
7660.019092
7311.167166
6362.26349
7605.690728
5711.439551
5559.293209
6743.466336
7491.425015
7282.859007
6946.623998
7290.972517
4194.778778
7793.690724
7526.528658
5978.05574
3234.594192
7577.774889
9305.480907
8391.166213
0
6796.47511
6860.067943
8346.328232
12498.87306
10679.41261
6838.644401
7211.765845
9094.282154
8196.549383
5915.589905
8245.112646
6633.15993
5821.906438
6636.870805
8748.326378
6393.082035
8942.404155
9124.222544
8702.644724
6123.749951
6686.360377
5822.776907
8887.450449
10999.54952
8369.256393
10833.83734
9719.966107
6658.709871
8170.850238
9383.100545
5692.412125
7230.369319
8471.557001
7531.442726
8257.464682
8776.938844
6615.852277
9672.65439
5661.993024
8803.156864
6255.46054
8398.12333
8949.995681
8485.703869
7796.543472
7039.266262
9728.116375
8554.5771
8884.328337
6199.048971
7610.705215
7484.258532
3796.753964
8563.392825
9525.331796
7884.758268
0
8594.021511
10426.56905
10960.52762
8902.739133
9283.058495
9413.431939
9131.52394
6745.967677
10132.86111
8982.978247
9760.814177
9024.766717
8797.869644
10487.86188
7173.828829
7794.65468
9213.409402
12277.11789
9615.007319
8744.669386
4089.87869
7799.509619
9994.387917
10218.97494
9872.378726
8494.233953
9957.152253
0
0
7547.932786
12554.5389
9970.366987
9756.869083
9866.234045
11452.32793
9538.921236
10137.25718
12683.1001
10874.55935
8062.580064
10832.72135
11150.59167
7732.372986
11396.08201
9813.023887
11109.53111
9683.335008
10736.63387
12188.18342
12741.7505
11162.74549
15172.03421
14849.72463
14584.14244
6661.191916
11282.71552
9380.872024
8260.977442
5950.078493
4557.973622
2219.224638
243.0458897
9524.795713
9110.302537
8124.983458
3487.852776
7119.392381
2856.453417
1519.890621
1243.949529
1611.097594
2272.484239
1797.815366
1619.743265
928.2685458
835.4490696
1571.361641
1505.237433
5915.481273
1918.834336
2400.398648
2443.321519
1155.05995
0
0
556.7915517
3454.524646
3323.473578
1976.995583
2247.817179
3081.813015
0
2853.34433
0
0
0
0
2989.607382
3157.162707
2509.976139
2949.757985
0
1958.994062
3024.622301
4062.755262
4431.643766
3974.350507
4357.721943
0
6256.382587
4140.923894
0
3064.312737
0
2385.971831
0
2736.44696
3381.346387
1027.594296
273.2853557
227.6758933
0
3639.332528
4056.927934
0
4638.818925
0
0
3329.990491
0
0
58.69346867
4409.081141
47.31999336
3996.920401
5011.533436
3189.394203
5237.14339
0
0
4633.004511
0
4936.221515
0
0
0
45.34347079
4851.340552
5773.832502
0
0
5845.109575
4212.731736
6128.953943
5191.572002
0
4668.322883
0
0
0
0
5448.959998
0
5483.019606
0
6431.423845
4681.10011
0
0
0
5175.139142
5868.92725
0
0
0
741.8718456
123.585547
0
0
0
6240.53403
5367.153063
7130.559409
5565.091553
5704.650592
420.8343424
0
7502.048858
0
7318.576518
6029.371807
5536.373524
6365.089467
5781.247466
27.23662182
8756.810856
8335.32659
6453.232275
7495.365658
8557.451784
0
7433.822961
9066.504289
1760.076554
197.3412731
179.8128661
0
0
0
0
0
7181.251401
0
0
9270.774669
92.86165873
99.94847602
237.5918782
140.1598262
6674.636187
0
0
9753.781468
7759.086176
8472.924427
0
32.17104926
7688.66898
8577.084663
0
433.2116148
459.9441701
1683.415768
338.9255104
124.8691217
0
0
0
0
0
34.3260147
8436.756407
0
0
8708.555511
68.94531871
78.37539284
3172.449509
1508.044861
255.783543
849.9164474
12203.88283
14937.78589
10868.07669
11724.96811
0
0
1408.437313
0
0
9797.592172
6012.391757
7978.349445
4205.078116
8050.726912
6098.635667
3349.597101
3091.119372
1448.785581
1307.578014
1608.157292
1630.480112
1724.157136
1379.104716
607.9248719
710.6569278
855.721766
172.9342994
179.3774281
1784.254478
1693.621708
2189.813159
2153.452059
2288.154141
2298.587024
637.251602
1458.865424
2003.320271
2228.393551
1231.422097
760.6511914
2091.522857
1830.483706
1322.585041
93.86292661
604.6745633
216.283752
225.7344162
160.8279455
832.7858739
1184.044038
536.5955444
1069.628952
1026.248886
1144.706995
594.4187055
535.8745395
1170.440702
463.5269195
128.1171462
2079.284347
314.6989204
1666.518123
907.6374743
1928.801
88.24047726
81.95163639
354.6150473
0
0
0
0
0
0
0
0
0
2482.306666
0
0
0
0
2379.221571
479.3343765
0
147.1621216
3450.503487
0
0
0
0
0
0
0
0
3692.561855
0
0
0
3062.116081
0
0
0
2847.273563
0
0
0
1201.945563
20.66857532
0
0
0
358.0808805
88.75495914
1001.61924
0
0
0
0
0
0
0
0
0
0
0
0
0
0
0
2806.961836
0
0
0
0
0
0
0
0
0
0
523.412334
90.71055404
0
20.85885417
0
0
0
0
0
5709.57945
0
0
0
0
0
0
4791.904765
0
0
0
0
0
0
0
0
0
0
0
30.68970017
0
146.0748663
0
0
833.0925138
215.3708843
0
0
0
0
0
0
0
0
0
79.12459199
0
0
0
0
0
3995.919833
5146.662279
5433.792341
116.4158043
0
0
0
0
0
0
0
0
39.39275993
0
2.07856786
0
71.96602955
2446.148708
0
0
423.075709
286.4603389
33.13917431
40.96200575
0
0
0
0
0
0
0
0
0
0
0
0
0
5140.300639
5649.490874
0
0
0
0
0
0
0
0
0
0
0
0
0
0
0
0
2484.78234
284.3569951
396.7914796
141.0296391
170.7719517
0
43.41612647
0
0
0
0
0
0
0
0
0
0
5840.281115
0
0
0
0
0
0
0
0
16.45039091
0
0
0
0
0
0
4074.326654
5883.30554
3617.022843
5076.902941
83.45821127
0
0
0
0
104.8067005
0
0
4184.243385
3235.610507
1528.569422
1329.848475
407.0327146
58.14758038
262.4207307
0
0
0
0
44.39464062
0
0
0
5654.996549
0
0
0
0
0
0
0
0
0
0
0
0
0
0
0
0
4439.491867
0
7.195884429
5569.136659
5346.643693
0
0
0
0
132.8573356
0
0
0
164.675051
0
0
0
5244.186496
2285.344129
219.610046
0
0
0
376.9152674
0
0
0
0
0
0
0
0
0
7565.617277
0
0
0
0
0
0
0
0
0
8.457555808
0
0
0
5136.410977
6366.506129
0
0
0
5026.641105
0
0
0
0
0
7453.175724
90.70578059
0
0
0
0
4357.235694
1906.31815
3535.261553
1488.593313
342.9448885
293.0911793
33.30061551
0
0
0
0
0
82.25152276
0
0
0
0
0
0
0
0
0
0
0
0
0
0
0
0
0
0
6610.24458
0
0
0
57.70258917
0
0
0
0
0
6860.796672
92.72073075
72.73640007
110.2757397
0
59.3946128
0
74.96918336
0
10.80511892
48.79937204
136.1282726
0
367.5058261
11298.474
2002.870115
701.3566623
492.675156
139.3896904
414.9742299
422.4551532
0
271.2095623
0
45.33914322
114.8264022
59.25096662
225.1967212
0
0
0
0
0
0
0
0
0
0
0
6789.804363
0
0
0
7468.41546
0
25.0311452
0
0
0
0
0
0
0
0
0
0
0
9389.377557
132.6518002
33.9190014
63.07882554
270.4371625
61.7490839
0
0
0
7876.438855
6793.427503
105.2008501
432.6149106
0
221.5187862
55.12784043
154.886655
122.7185526
239.5341525
0
33.99790959
0
5517.845041
3215.714768
859.1613186
1302.273902
74.02839239
194.6179374
113.4030277
199.7591048
0
0
0
0
0
0
0
0
0
0
0
0
0
0
0
0
0
0
0
0
0
0
0
0
0
62.49389229
34.36824816
53.09209462
38.3762541
10587.91708
7628.120413
184.368744
162.1389258
27.22218635
259.4028577
0
82.4332083
97.19482569
208.2782841
0
59.5899435
2470.247324
1638.222967
274.6521737
408.6708933
194.3257578
321.2043736
210.3400125
655.1358776
345.9994054
78.49446342
0
0
0
0
0
0
0
0
0
0
0
0
0
0
0
8703.360383
0
0
34.01620664
0
0
29.2944195
0
668.5674823
0
0
69.83275559
0
10176.14443
5954.510791
211.1598622
337.37899
0
83.12790506
0
47.39186112
214.2412172
125.8991356
34.36758702
2769.663102
1355.494602
1107.680711
1437.13125
260.382936
486.3386362
398.9724138
516.0325106
770.936371
1037.632946
148.3470683
719.766397
386.5542489
683.18394
176.7013521
195.9810379
477.8462381
94.55353655
185.4779489
377.8023725
0
205.8408665
1358.650739
636.8850225
320.0388645
0
0
0
0
0
0
0
0
0
9120.431319
0
0
0
0
0
0
11073.01038
9614.828513
51.67767554
0
57.43787636
0
0
0
4571.70347
4107.689028
1467.398121
135.7842427
0
414.9501881
132.2552441
82.45442406
0
6301.243879
3094.897413
778.2855434
1676.334182
1381.508452
589.9581842
737.2310811
679.0250554
305.96184
677.7167579
384.9783458
603.7448569
311.66964
425.2917469
237.7355111
333.4382309
279.2853624
0
127.5661373
311.0028411
75.63509951
183.6522439
82.416739
317.1278757
138.2435204
616.0335956
734.261826
932.9830755
0
0
0
0
0
0
0
0
0
0
0
0
0
14.56676647
0
5374.078571
2177.496198
0
46.14916066
0
69.18181406
0
6325.015839
1850.927768
992.0244601
1740.074629
2391.35254
1489.60547
1773.380001
2157.425609
1607.939635
1407.194243
1197.556441
27.72817718
208.5240703
235.319018
195.9065182
0
111.1428906
0
0
0
228.8100734
0
0
2427.00492
676.6342828
1557.737959
822.9680045
2800.736177
646.731061
1249.641358
546.979652
1063.835714
208.0262893
1334.006095
832.4987726
899.9673544
941.2488221
311.8349003
201.8596692
22.78542683
88.04099361
313.0223647
1010.448785
1033.930301
245.6799416
204.8049319
566.3523081
252.9703501
218.255264
356.6804902
163.1989236
365.4478591
5512.849169
2593.325173
1344.461516
2595.60426
3549.379661
1751.078171
1917.275138
0
0
0
6027.26164
2469.232064
2448.980491
2789.175756
1909.012963
1767.123096
2202.334882
1486.120859
17.40844757
0
0
3043.397023
2595.607333
2082.703057
1148.839958
2190.140893
2192.420891
2205.51681
2926.529427
0
0
0
1898.036966
4573.245678
2572.538309
2269.128636
1885.341634
2150.62732
1921.908148
765.1404227
1804.59347
1902.162577
1368.548404
2243.311344
0
0
0
0
0
2256.864668
2405.911629
1585.369704
1161.173021
2274.671258
2028.022638
947.7334997
1288.577782
1550.864929
787.5241732
1213.623621
1349.468865
1221.210457
1891.188056
1296.722068
523.2155847
723.7831102
689.7044595
1382.244724
962.7448925
279.7797051
232.3843356
168.0035843
298.4957087
0
0
0
51.40006633
0
1037.706045
1139.559696
906.4283116
1393.549382
745.4217182
1459.42266
576.0197562
867.5911928
976.3546832
674.2820053
602.9522216
749.9397785
399.1527011
284.0068839
649.3052262
177.1010824
389.9226295
591.5030401
284.452094
351.3414056
419.8479761
305.2958819
175.6456323
171.7182509
374.0301218
1901.697923
2816.728952
2657.073682
1051.042032
2401.308022
212.4879234
1211.304503
723.7801972
3406.451077
1310.61737
1894.987849
1237.269189
1690.362969
0
0
0
0
1081.057726
2252.610306
2039.324179
2029.675515
2164.619476
2195.966383
2417.215842
976.4881403
1485.840712
1800.139221
2696.946985
1620.793253
0
0
0
1410.234368
1496.690034
783.0194202
2807.05427
477.9302892
2983.614019
1594.874595
1897.011626
2784.234912
2406.4473
1926.043641
1425.272127
1001.523056
0
0
707.2639206
1578.411691
1718.09459
1528.183932
978.1326867
1604.123467
1459.513503
728.2749028
1235.961842
1195.88289
1160.637692
830.4554754
1154.486811
1135.42652
1014.571547
1052.305128
404.1740475
769.1545958
502.626277
704.517596
349.6588917
723.7111566
932.2137625
851.2668373
318.7030805
299.8095281
200.2903453
0
46.70008365
0
0
135.8327652
0
652.26056
409.6121023
930.4829499
749.8439507
805.7422871
467.5669771
578.4002235
279.4407428
0
139.7328701
492.6788306
611.8262259
1560.093876
2501.735795
1231.129716
931.1067823
859.0258956
1911.170507
1850.929558
1663.63575
1129.447994
1284.317248
0
0
1239.213403
1303.387947
1472.068129
1426.898069
1391.336087
1143.779319
1940.217707
1605.431552
1420.498307
1753.920141
2496.887961
1775.547457
1558.300512
2585.872447
1529.970338
896.2289869
0
0
0
0
773.4758078
298.8570578
1141.081524
797.5018408
1820.988066
795.2308552
885.6097571
424.899083
646.7918402
920.4892242
587.3035685
903.1820083
402.6855365
341.3521952
0
0
0
106.5291022
585.6565988
762.6540329
537.2013345
647.3217906
652.4472232
117.2326389
243.1729493
2078.260782
1764.713365
1216.752262
538.819643
1168.767364
956.7774131
0
125.1836407
43.35899751
8.257729894
1036.665125
1049.656703
0
815.8252779
0
117.9700852
)
;
    }
    spline
    {
        type            calculated;
        value           uniform 0;
    }
}


// ************************************************************************* //
