/*--------------------------------*- C++ -*----------------------------------*\
| =========                 |                                                 |
| \\      /  F ield         | OpenFOAM: The Open Source CFD Toolbox           |
|  \\    /   O peration     | Version:  v1706                                 |
|   \\  /    A nd           | Web:      www.OpenFOAM.com                      |
|    \\/     M anipulation  |                                                 |
\*---------------------------------------------------------------------------*/
FoamFile
{
    version     2.0;
    format      ascii;
    class       volScalarField;
    location    "0.4536";
    object      surfaceShearStress_mixture;
}
// * * * * * * * * * * * * * * * * * * * * * * * * * * * * * * * * * * * * * //

dimensions      [1 -1 -2 0 0 0 0];


internalField   uniform 0;

boundaryField
{
    symmetry
    {
        type            symmetry;
    }
    inlet
    {
        type            calculated;
        value           uniform 0;
    }
    orion
    {
        type            calculated;
        value           nonuniform List<scalar> 
1990
(
0.7484895201
0.206306506
0.7751912839
0.1100210928
0.4608045717
0.1566896215
0.9449710945
0
0.6014692206
0
0.949429784
0.4590563231
0
0.7135261273
0.8578953062
0.02517016653
0.8652004453
0.07716258832
0.6518714067
0
0
0.7791540035
0
0.8638912365
0
0.7060953631
0
0.6395064935
0.8395979832
0.3365220582
0.8881450277
0.5772660325
1.080713
0
0.3030949537
0
0.6224294782
0
0.5728419936
0.7998946942
0
1.220834299
0.02398241528
1.132194286
0
0.9991212757
0
0.9088858202
0
0.9908884354
0
1.132908318
1.300880581
0
0
0.9322851631
0
1.402265408
0
1.048649021
0.6984036821
0.4809112371
0.05528317242
0
0
0
0.8163806065
0
1.03102519
0
0.7660154623
0.7322812396
1.019298103
0
0.04203163597
0
0
0.9981366026
1.099080317
0
1.037620095
1.390301393
0.8638361738
0
1.213660873
0
0.8778604802
0.1213338032
0
0.9295479348
0
1.15204361
0.9692045833
0
0
1.407689833
0
1.348738522
0.02679109918
0.8864721766
0
1.03655311
1.22110033
1.368237157
1.341063159
0
1.241578469
0
0
1.155735862
0
0
1.237340919
0
0.04543466956
1.352213396
0.04652653699
1.138446643
0
0.6905701441
0
1.056005683
0
0
1.228846862
0
0.02750599743
0
1.406053341
0.01636901796
0
0.3074008566
0.1158065325
0
0
0
1.18644307
0
1.213581059
0
0
0
1.120398616
0
0.05518641718
1.530315935
0.04055456857
1.005657167
0.9431405686
1.041515406
0
0.7723104615
0
0
0.978291597
0
1.631978795
0
1.863782108
0.016162108
0.7233949371
0.1808667391
0.08575971195
0
1.526750088
0
1.26652153
0
1.31207821
0
1.622044683
0.02461818449
0.04002006706
0.948479844
0.1704410647
0.1203944411
0.9127331214
0
0.7869120842
0.839053579
0.7957177298
0
1.781524907
0.07740411003
0
1.29623625
0.2266809504
0.09770933253
0.2833911623
0.1116799881
0
0
0
1.11626308
0.02078825554
1.503421657
0
0.4627456207
0.2897851297
0.121644179
0.1435099723
0.0867241583
0.2248541849
0.1461830575
0.0259173151
0.1298888329
0
0
0
2.136999975
0
0
0.9530426721
0.5502884677
0.7368446998
0.06426331752
0.3979375845
0.5635821524
0.2242736496
0.3083789415
0.1793679826
0.1615511382
0.07328220255
0.4363229478
0.5470430656
0
1.207047531
0.5302964189
0
0.7387587964
0.8208324264
0.5911520981
0
0.530774832
0.2605660362
0.8426000669
0
0.5880555208
0.2248866393
0.5643309989
0.1224215711
0.2729229891
0
0.1405161219
0
1.066911695
0.7564968408
0
0.4042328021
1.065411762
0.8598809597
0
0.2649935114
0.5698780677
0.167468008
0
0.3126399766
0.133838706
0.310186811
0
0.4135687618
0.8884896314
0.5425387236
0
0.6393773872
0.3092683918
0
0.5179019447
0.3351265882
0.2440979077
0
0.6157500362
0.6290767682
0.587356424
0.3311610103
0.9245962082
0.3867257403
0.2056117401
0.02137875275
0.007544055204
0.685210147
1.00160843
0.5439219293
0.7978990059
0.6505654148
0.221667033
0.2442685595
0
0.02487670995
0.7168246145
0.7504233392
0.3959578171
0.1107058362
0.4538661214
1.181275597
1.303140952
0.181214451
0.3484355269
0
0.8699908432
0.054816196
0.006224607404
0.6988901881
0.5861355973
0.7619480422
0.5314062085
0.6312617794
0.7477409074
0.4659165869
0.6616745985
0.5426603885
0.5248810604
0.8897986642
1.037086214
1.000092778
0.9105353395
0.7269819165
0.6650985409
0.4771641926
0
0.8213769112
0.8647351574
0.7566154041
0.4647871409
0.5975700425
0.4427193641
0.6699871378
0.8930814504
1.110505319
1.014453797
0.02975211355
0.7923545919
0.7731229505
0.5406382875
1.133910138
0.3747092471
0.04125455361
0.3049247556
0
0.8281011905
0.8295806096
0.5721777903
0.3169604632
0.8050632632
0.9169074429
1.015950347
1.261666324
0.7389703443
0.7291285328
0.9038644394
0.7152397749
0.8739118122
1.076320602
0
0.8754952478
1.071582764
0.4468950442
0.8747106718
0.7679895058
0.6582308745
0.6753572712
0.905469462
0.764287761
0.8024735697
0.6260427287
0.9125064721
0.9149760748
0.6205520048
0.8738170743
0.9434755992
0.9648250144
0.6284472299
0.896439735
0.9176520477
0.6984925998
0.7076643918
0.6972349146
1.029268504
1.05035642
0.9889950329
0.3997125281
0.897875546
0.234364668
0.9562303581
1.430262537
1.225120202
0.8044669644
0.9595357358
1.336872811
0.9048109178
0.8034543207
0.7835429636
1.058837418
0.814776556
0
1.147166613
1.080558611
1.018353288
0.7575528898
1.031304135
0.6477391528
1.034872498
0.9432650992
0.7107336301
0.8980293512
1.069322164
0.6778780758
1.077842802
1.028458491
1.0656554
0.8387462747
1.010370533
0.888512922
0.3764982219
0.6803554401
0.5637557343
1.07121015
0.9845348005
1.114334004
0.9107072873
0.7730123465
0.173814537
0.0507787318
1.090319948
1.07201683
0.955079858
0
0
1.001217895
1.163110411
0.7724547916
0.9759351514
0.8821806413
0.9842686195
0.7450881641
1.094725852
0.9282146043
0.7693999746
1.014791142
1.000477398
1.180785354
0.857842253
0.9463864744
0.7846397163
1.137568658
0.9340070243
0.9829034722
0.9278871311
1.304806317
0.9503908057
0.8487669669
0.9396953232
0.8218790938
0.8357939843
0.5345570251
0.9330694203
0.1624526929
1.145317724
1.16574773
0.801105874
0.859454492
1.096536206
0
1.289212442
1.127073213
0.9933976693
1.015134191
0.8693532551
1.542091291
1.343684271
0.9933403958
1.109390381
1.011002039
0.8872522394
1.060170063
1.674183909
0.894048875
1.056888426
0.9849612228
0.8296501105
1.100891681
1.201810709
0.8640483645
0.8307884958
0.7852296196
0.4970738104
0.7798396181
1.335818623
1.126021474
1.295274652
1.110623077
0.8203725673
0.9719712912
0.45238059
0.2599744512
1.158739485
1.167889
0
0.9308561028
0.923632387
0.774664855
1.487230181
1.00782437
0.9731018587
1.019481357
1.361000349
1.06112933
0.8967544947
1.230355624
1.082993762
1.206692145
1.557629258
1.074693846
1.103489892
0.7829243876
1.120974028
1.020952555
1.196557502
0.7733531387
0.9608704293
1.404233636
1.311047761
1.327919798
1.137530716
1.604822293
1.021646617
1.420044396
1.087998639
0.9533629044
0.883406
1.142842417
1.224913852
1.088675241
1.171630633
0.9032427162
0
1.313742273
1.159344293
1.33007049
0.9945959495
1.289537511
1.535754775
0.8213161029
1.128848378
1.265475111
1.015153517
1.181996979
1.185097447
1.103268292
1.03142361
1.004933588
1.087899022
1.073174919
1.079168025
1.595406083
1.044146485
1.133742399
1.361988628
1.0070512
0.9516326565
0.7597957379
1.282016509
1.123555304
0.8205725673
1.110936316
0.9897553162
1.060827688
1.204430501
0.7396777351
1.183956886
0.9786200168
1.285672243
1.156772443
0.9532748795
1.135109289
0.8700636576
1.081898723
1.343414211
1.403961727
1.363163206
1.078734389
1.353695835
1.185888804
0.97832428
1.380988272
1.053952524
1.579222988
0.3680665105
1.118451503
1.006429468
1.170780005
1.030535803
1.11843942
0.8966024518
1.041892779
1.311883019
1.335752515
0
1.179195021
0.983545347
1.157439789
1.117040269
1.466261667
1.073606278
0.9860329742
1.241291452
0.912381732
1.3244351
0.9610159937
1.395632734
1.102646053
1.585039335
1.513598808
1.497778718
1.596042251
1.220791368
1.397993404
1.064963568
1.026857992
1.185681325
0.5572481958
1.110114698
0
1.44678183
0.8487826281
1.262066728
1.021599862
0.6723327714
1.212025211
0.5550319948
1.101594378
1.119749612
1.152785166
1.056290401
1.420575612
1.088575705
1.168637429
1.308615986
1.387333494
1.253520416
1.460002647
0.8600010747
1.42004125
1.70795447
1.571057526
0.9879100062
1.067824309
1.327314572
1.117124803
0
0.9321411772
1.089641846
1.487647136
1.533517859
1.151218971
1.280408464
0.9552721186
1.187710605
1.051364585
1.146240263
1.436179203
0.8228578771
0.9393438776
1.354407015
1.69104756
0.9424956369
1.346322832
1.437763671
1.307806251
0.9485797207
1.016763442
1.242456266
1.443085139
2.182958712
1.891626945
1.188110959
0.7741289853
0.8266164506
0.7898688179
1.218837066
0.3307624374
1.190529716
0.9267350045
0.5600112503
1.146717123
1.305799758
0.9135742852
1.021253281
0.6967782095
0.9022861201
1.394909731
1.08914352
1.383341794
1.184011448
1.412587736
1.065711673
1.593103538
1.515071389
0.9922885448
1.220375283
1.562116401
1.840423683
1.159180774
0.699689107
0.76290385
0.7130115124
0
1.09852098
1.399359238
1.320172549
1.316960908
0.878443609
1.014694244
0.949559105
0.9506677258
1.099985536
1.05950547
1.175127453
1.453624189
0.9554086102
0.9386538708
0.9830206076
1.155491652
1.189286908
1.917031578
1.477836414
1.435038281
1.159451992
0.3882221057
1.010563749
1.073727903
0.9826096149
0.454853153
1.058815717
0
0
0.8055755961
1.383659051
1.20868931
1.286749033
1.054896455
1.357944507
1.345927873
1.141773919
1.562970333
1.18181304
1.004024731
1.743381311
2.104694639
1.262498457
1.239293589
0.2410935718
0.3349219762
0.4662705451
0.2861264145
0.9438631698
0.6650452972
0.6334311223
0.8612487806
1.519814041
1.361103708
1.146259697
1.412350278
1.879829898
1.839788028
1.251251187
1.243009932
0.783254959
0.08566077137
1.533285343
1.606331998
1.458149851
1.079689891
1.788225976
0.8276329551
0.6008008485
0.5188051175
0.4817035091
0.7574640941
0.510588984
0.5275229046
0.3128992375
0.2431699773
0.5733909867
0.5102084828
0.8246735955
0.6543051971
0.5440928972
0.7034685898
0.3154066061
0
0
0.2391322543
1.056317516
0.8147040595
0.530244401
0.7844179856
0.7425790031
0
0.6789848855
0
0
0
0
0.6656497773
0.8882105309
0.6919754288
0.9188835431
0
0.7152568042
0.9544711901
1.149582533
1.117126251
0.9836135655
0.8019337853
0
1.588271135
1.166188063
0
0.7293264449
0
0.6534460954
0
0.6790952004
0.94031907
0.3860267662
0.138395104
0.06643063534
0
0.9352660091
0.9948714237
0
1.3268137
0
0
1.035964211
0
0
0.03457717418
1.159420309
0.03243341966
0.9034899167
1.013180365
0.8851185137
1.113547032
0
0
1.146540088
0
1.120594831
0
0
0
0.01304233824
0.8869408552
1.108834855
0
0
1.160626032
0.7902368428
1.505947603
0.8554705046
0
0.6236133522
0
0
0
0
0.9110613086
0
1.126546968
0
1.312079038
0.7059882179
0
0
0
1.239554537
1.335521107
0
0
0
0.328437067
0.08066251918
0
0
0
1.396953495
1.270635087
1.470150781
1.010185087
1.066666826
0.2197280289
0
1.009681448
0
1.292499535
1.069227653
1.197315003
1.482322099
1.713475417
0.02359669726
0.9961563258
1.246695345
1.299064004
1.234077111
1.637362153
0
1.102225361
1.547574561
0.6489526073
0.09409568685
0.0681004355
0
0
0
0
0
1.062572542
0
0
1.58971639
0.05883670591
0.03945925277
0.08674889691
0.06744505071
0.3745257819
0
0
1.007204024
0.9050273412
0.6342098349
0
0.0462044234
1.31375763
1.161253927
0
0.2108372429
0.1862785055
0.6081626307
0.1328970905
0.03169181427
0
0
0
0
0
0.01631716269
1.036118079
0
0
1.299618377
0.03231510525
0.08186244387
0.9357780905
0.4241868755
0.1291144633
0.3344519581
1.562813754
1.255307158
0.6052451147
0.7677539763
0
0
0.5540463123
0
0
1.568818109
1.754545746
1.052120344
1.24094995
1.196732609
1.487650614
1.036035403
1.004281093
0.4853510761
0.4360888215
0.4727772716
0.5796866223
0.6057010222
0.4971784195
0.2699855471
0.236871758
0.3080863735
0.08461026378
0.07861604992
0.5747767923
0.5380153941
0.7045520494
0.6184710427
0.661699513
0.679166492
0.2075974384
0.4245348202
0.6833926982
0.7062562401
0.4286598331
0.2223125681
0.6536415913
0.5443580637
0.5510910819
0.04774529601
0.229719843
0.08479112042
0.08766167888
0.05737052819
0.3423609436
0.4760080829
0.1741038527
0.3831340701
0.361522864
0.3979982063
0.1897151166
0.2331260862
0.4181973479
0.1607088936
0.09025626932
0.678726597
0.1079797988
0.5840754627
0.3620211397
0.6212660706
0.06420158983
0.06453294627
0.1619166317
0
0
0
0
0
0
0
0
0
0.8236945496
0
0
0
0
0.7177737565
0.1688151422
0
0.04823017109
0.8656975689
0
0
0
0
0
0
0
0
1.033088329
0
0
0
0.9420180223
0
0
0
0.7654651406
0
0
0
0.4764115036
0.009428441207
0
0
0
0.1198325119
0.04996725352
0.3739818189
0
0
0
0
0
0
0
0
0
0
0
0
0
0
0
0.9201815365
0
0
0
0
0
0
0
0
0
0
0.187920058
0.08504817813
0
0.01911863182
0
0
0
0
0
1.282911138
0
0
0
0
0
0
1.03959404
0
0
0
0
0
0
0
0
0
0
0
0.02072000617
0
0.05076147997
0
0
0.2857821058
0.1083736021
0
0
0
0
0
0
0
0
0
0.03527178073
0
0
0
0
0
0.8759967908
1.396990165
1.295514659
0.09090448364
0
0
0
0
0
0
0
0
0.03067015858
0
0.004934415167
0
0.03926055461
0.81065414
0
0
0.1892151988
0.1793214774
0.02542454546
0.07812240448
0
0
0
0
0
0
0
0
0
0
0
0
0
1.157047016
1.234926744
0
0
0
0
0
0
0
0
0
0
0
0
0
0
0
0
0.9398050803
0.1662543593
0.169058826
0.1107852836
0.0415431361
0
0.059508281
0
0
0
0
0
0
0
0
0
0
1.251997823
0
0
0
0
0
0
0
0
0.01701701445
0
0
0
0
0
0
0.7979001328
1.234771711
0.7535607913
1.146220701
0.04094997777
0
0
0
0
0.06189048331
0
0
0.6443217903
1.059535863
0.5595591104
0.5971256476
0.167492452
0.04504022505
0.1000533778
0
0
0
0
0.02092483608
0
0
0
0.8689381879
0
0
0
0
0
0
0
0
0
0
0
0
0
0
0
0
0.8897379498
0
0.008365244227
1.492010389
0.926750953
0
0
0
0
0.07429815257
0
0
0
0.1263038543
0
0
0
1.617327049
0.8856812065
0.09643454843
0
0
0
0.2213905819
0
0
0
0
0
0
0
0
0
1.206564026
0
0
0
0
0
0
0
0
0
0.01757127736
0
0
0
0.9313048584
1.037313076
0
0
0
0.8217511273
0
0
0
0
0
1.127353168
0.04370304071
0
0
0
0
1.246552777
0.609766482
1.136371892
0.5468389048
0.1271419336
0.1179239533
0.03393355175
0
0
0
0
0
0.044794122
0
0
0
0
0
0
0
0
0
0
0
0
0
0
0
0
0
0
1.21884188
0
0
0
0.02855409279
0
0
0
0
0
1.157502098
0.05653317713
0.05667894866
0.06166216206
0
0.01539162735
0
0.03513966242
0
0.02315954239
0.01604687143
0.06756942516
0
0.1801444714
2.798563915
0.6778473037
0.2249847998
0.1924549342
0.05345901123
0.1611637824
0.1805673017
0
0.190481246
0
0.03346807599
0.05014771527
0.03822808344
0.08206425387
0
0
0
0
0
0
0
0
0
0
0
1.263431262
0
0
0
1.35045483
0
0.03049142483
0
0
0
0
0
0
0
0
0
0
0
1.811662537
0.07167281137
0.02376398704
0.02326087788
0.1134812835
0.0280989365
0
0
0
1.955723902
2.096379223
0.06133249035
0.1305010671
0
0.1496020211
0.03534486013
0.07517675362
0.05827952056
0.08992378965
0
0.02449614506
0
1.600040257
1.178440985
0.2992132965
0.416170871
0.05481659675
0.04822665569
0.05292031302
0.06457182223
0
0
0
0
0
0
0
0
0
0
0
0
0
0
0
0
0
0
0
0
0
0
0
0
0
0.04286864897
0.02150492286
0.04090079639
0.04345691304
2.01005414
1.827002424
0.07101489196
0.04784315099
0.01888332083
0.1241889297
0
0.06096075936
0.02213397453
0.07380576095
0
0.03391012902
0.6344949182
0.5518403954
0.1039563118
0.1553101983
0.124372297
0.1270877216
0.08549100708
0.2072940667
0.1708985017
0.04687846299
0
0
0
0
0
0
0
0
0
0
0
0
0
0
0
0.793759166
0
0
0.02362854514
0
0
0.02256880691
0
0.1031495096
0
0
0.04176057322
0
2.216126053
1.422686169
0.07178120053
0.1309417296
0
0.05333712383
0
0.02475641595
0.06050820908
0.05617659847
0.02657239393
1.027086431
0.4805505869
0.372450459
0.5413403354
0.1195946924
0.1497944308
0.1629210028
0.1711540336
0.2683098761
0.3700288633
0.05471577304
0.2176722106
0.1207348239
0.2760508646
0.0134179535
0.06393042945
0.2288673205
0.044446374
0.08358693929
0.2298019072
0
0.09218516815
0.5203156704
0.2552557476
0.1369036617
0
0
0
0
0
0
0
0
0
0.933512226
0
0
0
0
0
0
1.744542095
1.327742164
0.03244919728
0
0.02487356455
0
0
0
1.114220602
1.195246029
0.4341952951
0.09627883589
0
0.1464963485
0.09399064476
0.04370162971
0
1.294591384
0.9192774132
0.2353492847
0.5774821231
0.4507472002
0.2654373074
0.3078493542
0.2373191411
0.137645934
0.2839802366
0.18298994
0.2702957245
0.1459782027
0.1554179819
0.09467895593
0.116536353
0.1529062108
0
0.0570097967
0.1069878024
0.05531278029
0.08275557311
0.04985922546
0.1213344765
0.08149749646
0.2256047618
0.3707461042
0.2913386447
0
0
0
0
0
0
0
0
0
0
0
0
0
0.02097502424
0
1.499773063
0.765551753
0
0.002063307823
0
0.0306599186
0
1.817706643
0.5576225219
0.2686139618
0.6747597565
0.7979884293
0.5081075734
0.6132262052
0.8262792962
0.5448730391
0.4467207586
0.3915017536
0.02145289668
0.07924771394
0.09177871055
0.07806077299
0
0.05531900316
0
0
0
0.08030666681
0
0
0.8854600289
0.233668494
0.4910103889
0.2116670185
0.9153016162
0.2625143346
0.4563916614
0.1894056352
0.4554874358
0.1202034201
0.4795250316
0.3063479277
0.2716011396
0.3211856794
0.1199439656
0.09938825267
0.0166573493
0.04170741433
0.09982598001
0.3106788206
0.3794863567
0.1545132421
0.09239467705
0.1740873181
0.1318215873
0.08353509307
0.1175481916
0.1129154978
0.1607805788
1.481203726
0.7790811738
0.5279896606
0.8179668332
1.271214424
0.5733242218
0.6083002393
0
0
0
1.527944403
0.7056729097
0.6972062525
0.858795698
0.5265292984
0.5310766313
0.775628179
0.5858688672
0.02076755001
0
0
0.9990968185
0.8379906413
0.5790172022
0.4143132851
0.7403710236
0.7487779616
0.769756456
1.097028286
0
0
0
0.5705203772
1.429211431
0.8170321644
0.7193327609
0.5752865455
0.6792891802
0.5625873757
0.3381993957
0.5863446694
0.7271679304
0.4731347148
0.7089951073
0
0
0
0
0
0.6748251656
0.8172449193
0.4743207449
0.4202468745
0.7121399213
0.6213796744
0.2548799793
0.4162836626
0.5783942124
0.3589728933
0.3920378574
0.4893609106
0.4213364295
0.6576158327
0.4752837023
0.2268793533
0.2551184851
0.2692691001
0.573952843
0.3272786503
0.104614732
0.1575952992
0.07998832653
0.1356240359
0
0
0
0.0431680577
0
0.3720980327
0.4284252191
0.3067183697
0.442030598
0.2069918891
0.4486604686
0.2086163189
0.2948412442
0.4096275174
0.2631356158
0.2377705177
0.2999944758
0.1591406814
0.1188966025
0.2995242578
0.06396863888
0.09399893157
0.2429916554
0.1429366238
0.159264807
0.1532485301
0.1538436506
0.06904362678
0.08353961828
0.1522397025
0.6164492796
0.9568214672
0.8214999232
0.4152470283
0.8534669824
0.07875619605
0.3799953638
0.2149089578
1.154986312
0.4134972673
0.6789093208
0.3307043642
0.4844490533
0
0
0
0
0.3642979787
0.8697205133
0.6175201082
0.7189620672
0.774605189
0.6603366587
0.6997025131
0.3690444802
0.3987202478
0.5605457582
0.9030507959
0.5224287245
0
0
0
0.5061822829
0.5379993384
0.2540651053
0.7909712387
0.1733104432
0.9445137828
0.5579404263
0.7020228591
0.9940338715
0.8209449328
0.6314569173
0.5269924879
0.3747062311
0
0
0.2088255175
0.4985683919
0.56926896
0.515808242
0.3893526998
0.6773871064
0.3996821681
0.2950725045
0.4258610655
0.4688062065
0.4155839336
0.2890945027
0.3791520804
0.4482068407
0.4032741118
0.4213940594
0.2020514273
0.3346787437
0.2021876495
0.2481557596
0.1390446772
0.3109867799
0.3395336469
0.2901702923
0.1216428856
0.07613378951
0.07571313861
0
0.04979318716
0
0
0.08338657234
0
0.2432930065
0.1786199757
0.3803164535
0.3171329468
0.3598751395
0.1549243077
0.2177295589
0.1368647174
0
0.05135125849
0.2183844258
0.2530223715
0.5244876231
0.8862509857
0.43666288
0.4205410901
0.2653091865
0.6565334384
0.6544218772
0.4311746476
0.3833067304
0.4328502113
0
0
0.2824404809
0.4129094006
0.578975779
0.4681808152
0.4902586414
0.3953559748
0.4983985917
0.6491596463
0.5462092276
0.6195664791
0.725780564
0.5410437435
0.628296845
0.8695878206
0.608638073
0.4100389688
0
0
0
0
0.3218400902
0.08688386212
0.4522965723
0.2677049766
0.6410411194
0.2679361592
0.3811079115
0.1784412486
0.2702663488
0.3551713967
0.2266254725
0.2803712276
0.158249609
0.09947888315
0
0
0
0.08541688436
0.25783789
0.3556253724
0.1744087597
0.2633125275
0.2937406984
0.04609219714
0.117227042
0.6264764967
0.6001482558
0.4351955893
0.185803417
0.3945736089
0.3724663686
0
0.09339971798
0.04715011246
0.009767946184
0.2925378994
0.2956066281
0
0.3305611777
0
0.08710489445
)
;
    }
    spline
    {
        type            calculated;
        value           uniform 0;
    }
}


// ************************************************************************* //
