/*--------------------------------*- C++ -*----------------------------------*\
| =========                 |                                                 |
| \\      /  F ield         | OpenFOAM: The Open Source CFD Toolbox           |
|  \\    /   O peration     | Version:  v1706                                 |
|   \\  /    A nd           | Web:      www.OpenFOAM.com                      |
|    \\/     M anipulation  |                                                 |
\*---------------------------------------------------------------------------*/
FoamFile
{
    version     2.0;
    format      ascii;
    class       volScalarField;
    location    "0.4536";
    object      surfaceHeatTransfer_N2;
}
// * * * * * * * * * * * * * * * * * * * * * * * * * * * * * * * * * * * * * //

dimensions      [1 0 -3 0 0 0 0];


internalField   uniform 0;

boundaryField
{
    symmetry
    {
        type            symmetry;
    }
    inlet
    {
        type            calculated;
        value           uniform 0;
    }
    orion
    {
        type            calculated;
        value           nonuniform List<scalar> 
1990
(
2326.048082
221.7320067
2226.168519
163.9052137
1355.116431
108.343227
2647.378951
0
2196.910203
0
1864.647411
1109.390312
0
1925.496226
2822.520134
52.08997628
1572.262045
145.6575275
1485.650069
0
0
2626.846413
0
2033.891365
0
1601.656918
0
1442.421705
2185.652517
814.894721
2724.779724
2132.265173
3217.403799
0
1470.267169
0
2003.161798
0
2272.165203
2199.852585
0
3872.190923
25.63328799
3473.871608
0
2830.4735
0
3045.633401
0
3464.530767
0
2630.870072
3751.491881
0
0
2276.146969
0
3976.151772
0
3223.619765
2218.700108
1334.579291
36.85918598
0
0
0
3285.631936
0
2825.948468
0
2572.975779
2426.765189
2887.657074
0
64.47894214
0
0
4260.700898
4851.162805
0
3156.590328
3085.431569
3356.784406
0
2868.51164
0
2347.05207
38.0554623
0
4173.44887
0
5305.866623
3935.505626
0
0
4467.156188
0
3509.652364
28.88373405
1871.171858
0
4383.538442
5746.803723
5087.701102
5920.243896
0
5781.84711
0
0
5234.979355
0
0
4976.774912
0
108.1052376
4417.382671
107.4377012
5357.760859
0
5194.756924
0
5172.767174
0
0
3746.821714
0
0
0
4328.874042
49.11297842
0
1227.854044
161.0821078
0
0
0
6002.562362
0
6188.189315
0
0
0
5131.538732
0
124.8560302
4692.008389
76.19563276
5615.038649
6071.916525
6618.413546
0
5441.916202
0
0
6058.223238
0
8035.700492
0
6426.989963
31.91258214
1850.286273
373.5458165
283.6560387
0
7798.103379
0
8682.876945
0
6669.332737
0
7076.046533
26.94740059
94.02652713
3206.268903
275.9165626
105.7065745
8136.843521
0
8275.928851
5864.502156
7124.030963
0
6402.773224
56.66084202
0
3482.805348
538.2237695
215.6140621
770.6772498
220.2569852
0
0
0
9839.816342
114.0715189
5239.03277
0
1270.853242
411.2322433
260.7739329
274.2884857
180.6320637
499.0119259
347.2704991
110.5293332
226.6896886
0
0
0
7870.000226
0
0
2966.042393
1070.478258
1488.111785
138.5623358
1156.708596
1087.978839
585.4081693
423.0379159
346.2102858
252.9705196
213.4892521
1033.56301
1237.876631
0
3459.819281
1618.073058
0
1528.359464
1070.318299
1345.393535
0
1269.335264
390.0896179
1191.707355
0
2084.787694
781.1984558
1352.615627
57.09616941
617.2863543
0
490.7827895
0
2718.592011
1642.744377
0
1185.529352
2682.165046
1809.787652
0
312.6957264
1507.749742
449.249532
0
488.3122792
253.9746342
438.9453254
0
1315.389794
2074.136193
1219.078705
0
1330.292668
690.8696233
0
1023.713274
827.8424879
574.2005099
0
1592.817943
1366.789505
1527.773391
831.7046566
1942.411485
999.2248084
429.5832721
0
32.71440011
1552.414092
3160.622323
1493.516086
1593.315036
1800.022567
330.6377035
481.9829278
0
56.35062476
1857.47292
1380.929351
425.5774193
303.1277365
1239.727169
2076.290486
2384.630408
268.0310903
663.8948366
0
2197.896956
92.46922777
-9.141406749
2059.210181
2680.922828
2241.23128
847.5635334
2027.986176
1837.50315
1824.851449
1649.862706
1816.755213
2440.281098
2218.735746
2467.522309
2335.988987
2622.513385
1970.192069
1386.749945
1362.940118
0
2105.37253
2429.675443
2306.503588
1755.578038
1653.884776
1231.951597
1742.556323
2236.229073
2492.708023
2927.525944
87.21927123
1887.101721
2411.348999
1389.831958
2436.313578
621.8366532
54.46027578
521.8814699
0
2857.94496
1478.454558
828.7444218
417.8696685
2379.440295
2545.020815
2903.37549
3201.224667
2519.643888
2241.899429
3320.607114
2274.781687
2095.646689
3696.613637
0
1824.491334
3044.626841
1705.488535
2204.255335
2308.803902
1930.200379
1573.402966
2077.204795
2253.152879
2970.831595
1764.52918
2433.977578
3479.707719
2057.510138
2893.354884
1465.916582
2873.506502
1887.388525
2072.727627
2412.784984
2297.090636
2290.577423
2873.106279
2631.577408
2015.5076
3670.340506
952.4309494
2354.42454
318.8288272
3343.083586
3691.435063
3839.315211
2837.797929
2882.40739
3998.71435
2484.463037
2418.949861
2807.874527
2805.708167
2898.565884
0
3164.079653
3455.83245
4394.922403
2961.79865
3505.581767
2260.470659
2591.394859
2879.776499
1604.197087
2093.990079
3271.972982
2977.713701
3195.762903
2901.122207
3569.162082
2075.08149
2106.263379
2669.9507
1827.190302
1767.381793
1661.376164
2264.667804
2243.038817
2939.698021
1497.043837
2091.536277
341.4302341
49.059894
2898.884938
3849.670802
3134.417816
0
0
3006.887879
3879.233535
3042.040806
3822.816941
3656.321291
2949.175519
2062.57572
3817.253997
3874.24317
2847.24271
2275.83287
3241.5386
3888.228325
2729.014999
2925.390164
3265.049397
2554.230994
2482.373577
2871.174148
1994.671526
3347.095745
2561.931924
1664.376118
2717.739994
2792.433669
1903.238436
1377.579211
2438.340021
197.3162139
3994.564896
3787.052315
2617.052703
2991.353812
2868.63963
0
4798.962829
3209.294107
3590.046236
2965.068288
2930.96933
4849.077005
5338.21719
4327.418399
3881.928728
3543.183056
3670.438464
3448.475694
4665.151304
2586.266084
2103.730066
4839.525968
2966.27948
4024.506206
3464.418868
3043.184614
2949.5644
2445.171961
1227.538066
2685.293155
4134.982041
3264.273595
3912.375151
3964.225712
3212.609292
2898.537266
586.9819611
692.8704767
5524.096365
4278.645323
0
3491.704191
4632.93897
2915.485014
4172.047479
3798.421222
4397.561869
3749.676212
3664.208673
3890.018948
3359.96129
3773.941541
3618.175414
5002.868005
5503.707735
2213.411742
3269.544741
2486.374908
4255.115291
3447.461666
3879.785853
3392.182173
3297.061645
5201.88397
3860.615902
3946.581684
2978.367298
4332.184909
1467.653579
4616.655723
3510.635805
2399.388396
2891.026139
5384.860119
4729.689161
3437.232113
4634.372629
3824.164684
0
5624.907522
4502.082453
4775.885
3281.423718
6465.475669
5203.778326
5818.67917
4663.642192
4725.627241
4188.235086
4197.352001
4225.519963
3585.262862
3609.661216
3575.04714
4263.155351
3712.501503
3579.742094
4376.624136
3519.95508
3087.660145
3516.90057
5042.569329
3676.920955
3623.683205
5396.376327
5382.946443
6062.134649
5126.647327
4186.218962
5430.715942
4936.407233
4150.230569
5079.950066
4960.608844
5100.612634
4796.466092
4205.103298
5514.967788
4571.550659
4338.153459
4492.273351
4653.861645
4896.02651
4124.187863
3884.506957
4095.105083
3295.576435
4445.443345
3181.670397
4406.979162
733.8712301
6322.092536
4744.144356
6698.881627
5933.49551
6052.876378
4829.344008
5317.575732
5962.254376
4661.179526
0
4114.217651
7530.686912
4745.562057
6789.164933
5150.488477
4457.753002
4658.426898
4984.480879
3483.883011
3973.067332
4126.344934
5994.214351
4228.955972
4906.840491
5072.805115
5376.273888
4974.791617
4793.688368
4443.852456
6510.82636
5661.268637
5812.284536
4582.679308
5489.821835
0
4766.216495
5411.011605
5415.917577
6288.21934
4284.780423
6172.388577
4317.604503
6081.518913
5562.554908
5621.017669
5806.508553
4417.347184
3797.277911
5408.988142
6017.051552
5467.965328
5890.907091
5794.48606
3559.685535
5460.564307
6080.656408
3545.413635
2014.041439
5825.521158
5877.643674
6087.313646
0
5280.914411
4491.670169
5609.477271
10402.2917
8740.66899
4956.993863
5237.551888
7438.189195
5646.119642
4252.797538
6530.879634
5113.183706
4417.393078
5525.776379
6912.664308
4290.759254
7473.520514
7543.343791
7192.824218
4155.520535
4839.868493
4703.785379
6303.065735
9140.546629
7610.527379
8242.001585
7786.863309
4735.905442
5940.022728
6876.570408
4434.579693
6168.818848
6402.598603
6055.614451
7372.235646
7080.857024
5617.637336
7650.951103
5301.414201
6871.56041
5233.355224
7319.684179
7686.875021
7251.220789
5483.245816
4874.110618
5679.656979
6674.107855
6392.577531
5343.986063
6534.183955
5066.922269
2713.687394
6770.054689
7917.515499
6033.570462
0
6773.146026
8205.632358
9335.54858
5448.825294
7376.323817
6410.215258
7825.210191
5474.183547
8372.327539
6634.434927
8225.353778
7177.137477
6361.885204
8502.026584
6492.189451
6543.7374
7309.895908
7460.7773
8579.191941
7998.88233
3126.521468
5890.013024
7176.353742
7362.079073
6332.046472
6597.362946
6786.084128
0
0
6002.661582
9837.365615
8003.41941
7915.156444
7592.548304
8795.095249
7254.762707
8318.130957
7825.19505
8909.828314
6658.988561
7959.572097
9117.27381
6231.749157
8413.341147
7949.184011
9298.55985
6765.5334
7592.765723
9926.332922
9323.663983
8493.873499
11490.3363
10034.05254
11277.83367
5037.345371
9457.138519
6912.174062
6474.712571
4604.392141
3606.409602
1680.394662
191.6529148
7610.806148
6109.372571
5741.088652
2496.368339
5463.837919
1835.162652
1085.186766
1119.987459
1333.931929
1907.20686
1282.816286
1187.558651
928.2685458
641.8471142
1277.991614
1026.245917
4205.10661
916.6224706
1969.204603
2272.792052
1017.621882
0
0
295.5155488
3049.358364
2077.965294
1439.446851
1636.221951
2698.232804
0
2502.816449
0
0
0
0
2324.24104
2768.974988
2194.787005
2239.126361
0
1596.103563
2820.592164
3002.507869
3530.112067
3228.384189
3582.038209
0
5293.424921
3367.017445
0
2778.663322
0
1846.068444
0
2179.263994
2705.692175
779.9504275
66.28241074
227.6758933
0
2649.807559
3325.095309
0
3843.450444
0
0
2250.245288
0
0
0
3597.609194
47.31999336
2943.649916
3443.042867
2502.191446
4014.742226
0
0
3880.131761
0
3547.522713
0
0
0
45.34347079
3843.085888
4413.344227
0
0
4924.340762
3238.254434
4511.011274
3702.876815
0
4117.606954
0
0
0
0
4271.096942
0
4437.341942
0
4278.009611
3460.244291
0
0
0
3998.540386
4317.716353
0
0
0
741.8718456
0
0
0
0
4530.820394
4438.159332
3825.733011
4438.927846
4481.128907
165.4737714
0
5665.641478
0
5440.525234
5120.855956
4409.587986
4972.940002
4458.849307
27.23662182
6945.281879
6302.430788
5260.207647
5708.053491
6410.584788
0
5817.687933
6773.283698
635.319572
197.3412731
179.8128661
0
0
0
0
0
5742.421207
0
0
6166.707753
0
0
237.5918782
140.1598262
5198.406602
0
0
8293.872821
5576.939345
6356.790052
0
0
5422.684726
6847.132118
0
433.2116148
439.3202414
1235.049709
316.6732203
124.8691217
0
0
0
0
0
34.3260147
7451.288879
0
0
7575.997466
68.94531871
6.649041802
2732.159302
1189.636093
83.33582295
512.2803838
8358.090574
10687.16371
8141.198856
9663.010604
0
0
845.3594896
0
0
8156.112062
4284.628757
5378.57317
3231.809932
5656.235887
4917.595818
2668.783245
2077.859221
986.550532
581.3844044
1355.999833
1134.823836
1673.764044
1117.352633
290.9106065
710.6569278
797.1515058
172.9342994
189.4591044
1450.039314
1416.282176
1634.331106
1628.373493
1869.611946
1599.27784
490.9480872
1027.872607
1651.188481
1572.252539
532.2605233
561.8511981
1659.170587
1559.298066
911.5982141
36.78350511
551.0628397
216.283752
225.7344162
160.8279455
786.6941653
1056.430639
536.5955444
739.0621694
806.6595095
930.896698
499.8514912
531.7182036
994.9562866
391.9493614
128.1171462
1639.205013
314.6989204
1437.475656
886.5402872
1736.231314
32.1935539
81.95163639
296.0277678
0
0
0
0
0
0
0
0
0
2109.668666
0
0
0
0
1673.632967
479.3343765
0
147.1621216
3011.652361
0
0
0
0
0
0
0
0
2634.673754
0
0
0
1882.423718
0
0
0
2304.975476
0
0
0
893.9377906
20.66857532
0
0
0
349.1717153
88.75495914
642.3970108
0
0
0
0
0
0
0
0
0
0
0
0
0
0
0
1934.179682
0
0
0
0
0
0
0
0
0
0
326.6278575
56.03638483
0
20.85885417
0
0
0
0
0
5037.967871
0
0
0
0
0
0
3899.00314
0
0
0
0
0
0
0
0
0
0
0
30.68970017
0
146.0748663
0
0
454.7333611
215.3708843
0
0
0
0
0
0
0
0
0
79.12459199
0
0
0
0
0
3236.940136
4304.51617
3943.221253
116.4158043
0
0
0
0
0
0
0
0
39.39275993
0
2.07856786
0
0
1673.262985
0
0
423.075709
286.4603389
33.13917431
0
0
0
0
0
0
0
0
0
0
0
0
0
0
3561.731901
4299.71156
0
0
0
0
0
0
0
0
0
0
0
0
0
0
0
0
1944.30646
284.3569951
362.0387542
-6.29626781
170.7719517
0
43.41612647
0
0
0
0
0
0
0
0
0
0
4408.583029
0
0
0
0
0
0
0
0
0
0
0
0
0
0
0
2549.840305
3983.828893
2804.535102
3525.229413
83.45821127
0
0
0
0
104.8067005
0
0
3649.885032
2528.477901
987.0800877
1004.177623
255.0702042
58.14758038
262.4207307
0
0
0
0
44.39464062
0
0
0
5230.745625
0
0
0
0
0
0
0
0
0
0
0
0
0
0
0
0
3956.296014
0
7.195884429
4096.685323
4020.407922
0
0
0
0
132.8573356
0
0
0
164.675051
0
0
0
4328.050746
1308.021146
219.610046
0
0
0
376.9152674
0
0
0
0
0
0
0
0
0
5941.650525
0
0
0
0
0
0
0
0
0
8.457555808
0
0
0
3789.893037
5433.387493
0
0
0
3897.99763
0
0
0
0
0
5519.550924
90.70578059
0
0
0
0
3632.04207
1394.850181
2141.07776
683.1643879
322.6753525
281.4374174
33.30061551
0
0
0
0
0
82.25152276
0
0
0
0
0
0
0
0
0
0
0
0
0
0
0
0
0
0
5382.449793
0
0
0
57.70258917
0
0
0
0
0
4518.435267
92.72073075
72.73640007
110.2757397
0
59.3946128
0
0
0
0
48.79937204
136.1282726
0
69.86173607
8454.8107
2008.569877
479.7423439
463.4698234
139.3896904
107.930364
422.4551532
0
271.2095623
0
45.33914322
0
44.55098311
225.1967212
0
0
0
0
0
0
0
0
0
0
0
5395.90472
0
0
0
6131.062483
0
25.0311452
0
0
0
0
0
0
0
0
0
0
0
7688.991763
68.07112826
33.9190014
63.07882554
270.4371625
61.7490839
0
0
0
5931.310839
5644.872031
0
432.6149106
0
221.5187862
0
154.886655
122.7185526
239.5341525
0
33.99790959
0
4159.435359
1985.527936
631.8020265
888.1682915
61.24500365
170.8579845
113.4030277
199.7591048
0
0
0
0
0
0
0
0
0
0
0
0
0
0
0
0
0
0
0
0
0
0
0
0
0
66.22434628
0
19.18211021
38.3762541
8085.565728
5579.092367
184.368744
162.1389258
30.28389583
259.4028577
0
82.4332083
97.19482569
0
0
59.5899435
2241.937702
1477.735617
274.6521737
408.6708933
15.93929941
271.8881371
119.8617758
655.1358776
106.0010646
78.49446342
0
0
0
0
0
0
0
0
0
0
0
0
0
0
0
6774.420469
0
0
34.01620664
0
0
29.2944195
0
0
0
0
69.83275559
0
6864.004252
4933.752933
211.1598622
326.722175
0
-12.53198204
0
47.39186112
214.2412172
66.22873228
34.36758702
2263.507358
1164.05056
535.7387473
988.9654909
186.9529186
368.2529558
398.9724138
343.7987918
659.3956041
1037.632946
126.3826859
384.9817233
386.5542489
683.18394
0
0
375.3658904
0
185.4779489
377.8023725
0
198.9805602
1030.981652
619.7495443
274.0796428
0
0
0
0
0
0
0
0
0
7377.70107
0
0
0
0
0
0
8102.907889
6981.502497
0
0
57.43787636
0
0
0
2697.257476
3122.268856
1098.118887
135.7842427
0
414.9501881
11.93794872
82.45442406
0
5256.751324
2939.624186
762.7990828
1285.948219
1054.975451
429.0871122
377.1977304
687.81065
208.9095404
677.7167579
384.9783458
483.9017537
311.66964
339.1088566
177.201531
199.4680809
154.9213099
0
127.5661373
311.0028411
75.63509951
183.6522439
73.19798773
158.1118747
138.2435204
279.6902092
636.2347915
542.5931232
0
0
0
0
0
0
0
0
0
0
0
0
0
14.56676647
0
3832.506194
1720.027521
0
46.14916066
0
69.18181406
0
5008.178616
1632.157525
487.6677168
1768.383695
2160.475925
1290.52767
1339.534435
1820.019203
1282.197969
1340.06947
939.1674736
27.72817718
208.5240703
125.6690433
195.9065182
0
111.1428906
0
0
0
228.8100734
0
0
1648.618809
650.5100835
1432.572904
557.7660558
1966.626673
499.747739
984.0576248
546.979652
1051.49855
116.5193533
1068.72465
411.9859896
899.9673544
659.8982523
98.83607778
201.8596692
0
54.00790737
313.0223647
845.6090093
1033.930301
210.1330004
120.5349162
566.3523081
238.3520353
218.255264
356.6804902
163.1989236
115.5419784
4178.375565
2155.259784
1246.159834
1402.913793
2427.204184
1688.879032
1270.692424
0
0
0
5045.110647
1831.320846
1402.564966
2152.132925
1482.837677
1624.689638
1868.047604
1068.68597
17.40844757
0
0
2673.116097
1844.127123
1578.176419
1060.098192
2190.140893
1464.979701
2097.934937
1768.98578
0
0
0
956.0311328
4380.503591
1465.871229
1659.563444
1470.943621
1337.280979
1698.084998
486.7211026
1008.617773
1322.879208
902.5025293
1459.874926
0
0
0
0
0
1170.894016
1432.721487
1402.924775
806.7880921
1648.807781
1606.299107
947.7334997
776.4379514
1217.468981
712.6954578
1051.223377
1014.323463
979.0960522
1458.318665
976.0766516
465.8882545
584.0115206
545.6131187
1110.143241
655.2690189
85.46406377
221.2247065
168.0035843
172.2243284
0
0
0
0
0
925.4977532
803.8579206
857.8405738
1292.347082
616.8255796
962.8806586
174.094376
572.1180323
978.9190796
436.6888244
486.7032096
578.1407427
399.1527011
40.09323536
463.8028856
177.1010824
389.9226295
462.6864357
263.0886308
279.6996522
294.3794996
305.2958819
175.6456323
171.7182509
374.0301218
1375.016795
2509.280265
1701.921476
603.5896096
1732.54373
181.9142549
1106.063156
181.4713223
1636.042105
1043.107732
1415.270616
1057.054843
1613.951336
0
0
0
0
484.7647891
1837.460745
1223.031399
1405.802117
2000.635483
1537.902324
1821.921932
844.793018
1105.56478
1463.906216
2290.451349
1320.455448
0
0
0
1128.678242
1095.228876
783.0194202
1765.857649
477.9302892
2492.582052
1154.607559
1719.847657
2496.140941
1924.819894
1317.279627
1248.366681
904.4989278
0
0
707.2639206
1377.471796
1718.09459
1316.980314
697.2142256
923.0502576
1459.513503
568.2445453
729.2156739
871.1722879
713.7674435
824.4501349
874.3383194
761.2305421
789.1387334
1018.431051
324.0411609
769.1545958
451.7800759
526.7968519
325.9847831
390.5371386
702.3858565
851.2668373
227.9139263
123.0240604
39.35150057
0
46.70008365
0
0
135.8327652
0
647.4478857
0
930.4829499
534.0362578
681.3630049
467.5669771
390.2109306
279.4407428
0
139.7328701
462.3867892
611.8262259
1083.467704
1628.924938
487.4429833
635.7935676
490.2873828
1785.272646
1244.68767
1338.412336
1080.054104
1187.065695
0
0
989.3404026
1219.69404
1082.363373
970.2827959
1069.378432
585.887373
1913.420006
1310.792909
1201.94337
1631.28356
2186.419086
1775.547457
1089.423471
1482.842322
1248.734914
900.07017
0
0
0
0
773.4758078
298.8570578
1141.081524
302.4704838
1820.988066
466.0468461
606.2150045
346.6938192
404.1989109
586.8551838
499.8872135
608.5898246
402.6855365
341.3521952
0
0
0
106.5291022
271.9888857
493.3215228
524.9825041
388.3459895
473.7777967
117.2326389
243.1729493
1317.290995
1689.45151
846.2687542
438.6495684
958.3913176
786.9765315
0
125.1836407
43.35899751
8.257729894
930.4743502
437.4349255
0
488.982991
0
-19.80396964
)
;
    }
    spline
    {
        type            calculated;
        value           uniform 0;
    }
}


// ************************************************************************* //
