/*--------------------------------*- C++ -*----------------------------------*\
| =========                 |                                                 |
| \\      /  F ield         | OpenFOAM: The Open Source CFD Toolbox           |
|  \\    /   O peration     | Version:  v1706                                 |
|   \\  /    A nd           | Web:      www.OpenFOAM.com                      |
|    \\/     M anipulation  |                                                 |
\*---------------------------------------------------------------------------*/
FoamFile
{
    version     2.0;
    format      ascii;
    class       volScalarField;
    location    "0.4536";
    object      surfaceShearStress_N2;
}
// * * * * * * * * * * * * * * * * * * * * * * * * * * * * * * * * * * * * * //

dimensions      [1 -1 -2 0 0 0 0];


internalField   uniform 0;

boundaryField
{
    symmetry
    {
        type            symmetry;
    }
    inlet
    {
        type            calculated;
        value           uniform 0;
    }
    orion
    {
        type            calculated;
        value           nonuniform List<scalar> 
1990
(
0.6663167875
0.1693253816
0.6915641025
0.09995957737
0.4608045717
0.06738609321
0.7653448799
0
0.436513765
0
0.5472539839
0.2984398591
0
0.5344288502
0.6265148762
0.02517016653
0.6742470775
0.04932216348
0.3775030589
0
0
0.6888653808
0
0.6219152244
0
0.6317558412
0
0.4841217246
0.6821578683
0.3365220582
0.6943953241
0.5478696999
0.771382899
0
0.2557762867
0
0.4677515832
0
0.4696865612
0.6433080943
0
0.9967758014
0.02398241528
0.8913451022
0
0.579886293
0
0.5988060367
0
0.824162986
0
0.8504417485
1.074488018
0
0
0.551187465
0
0.9466442343
0
0.800756689
0.4241604885
0.4217804929
0.03394154136
0
0
0
0.5889869042
0
0.6401784289
0
0.5854981938
0.6965769857
0.7582892976
0
0.04203163597
0
0
0.8671885251
0.8508559425
0
0.627384421
0.7881236173
0.637224972
0
0.7713352809
0
0.8263061796
0.02633460999
0
0.7432372779
0
0.9783429356
0.7117177288
0
0
1.06339222
0
0.9068407055
0.02679109918
0.4665396811
0
0.763919598
0.9377645127
1.02439387
1.044675631
0
0.9410323535
0
0
0.9470380173
0
0
0.9713324024
0
0.04543466956
1.189301615
0.04652653699
0.8416276458
0
0.3473237136
0
0.7813033867
0
0
0.9886530452
0
0
0
0.8913106079
0.01636901796
0
0.3074008566
0.04404554548
0
0
0
1.038322829
0
0.9638346158
0
0
0
0.7802948518
0
0.05518641718
1.19145848
0.04055456857
0.671842651
0.785441596
0.7960179016
0
0.6276653644
0
0
0.6720844051
0
1.258815816
0
1.166463335
0.016162108
0.5690905745
0.1364630995
0.08575971195
0
1.278131542
0
1.208204715
0
0.6380268448
0
1.226348244
0.02461818449
0.04002006706
0.8026779205
0.1167120817
0.05027736054
0.5461198442
0
0.5887270929
0.6052551208
0.5907616964
0
1.406693075
0.03462536062
0
0.7397070576
0.1884505392
0.08370117872
0.234744138
0.07484118286
0
0
0
0.9870110447
0.02078825554
1.18590784
0
0.4146583658
0.1399906546
0.1018001904
0.08725876383
0.06630670969
0.1929550106
0.1461830575
0.02568099377
0.09208891013
0
0
0
1.630561568
0
0
0.9617236927
0.3544220586
0.5015477808
0.06426331752
0.3979375845
0.374166167
0.2242736496
0.1280065091
0.1306566905
0.09505952224
0.07328220255
0.2154058111
0.42304322
0
1.038812117
0.4100328208
0
0.4923653145
0.3985294092
0.5484926697
0
0.3976854679
0.1652396346
0.4194195845
0
0.5880555208
0.2248866393
0.5161006555
0.03249431401
0.2729229891
0
0.1405161219
0
0.8765841961
0.5361049668
0
0.4042328021
0.8916113888
0.6196501703
0
0.09775780154
0.4994610766
0.167468008
0
0.1521996283
0.1286939343
0.1925697809
0
0.4135687618
0.7019689875
0.388262558
0
0.4584476331
0.2799961924
0
0.337560879
0.2587566588
0.2440979077
0
0.4018959604
0.377035049
0.5270815467
0.3311610103
0.5907566143
0.3272770105
0.1841663106
0
0.007544055204
0.593604283
0.8102105278
0.4362579185
0.5537215056
0.5834606905
0.221667033
0.2442685595
0
0.02487670995
0.5941314707
0.445660958
0.1484141789
0.1107058362
0.3707581697
0.6584443711
0.6511528726
0.181214451
0.2963372876
0
0.70957882
0.054816196
0.02482119522
0.5886256834
0.5153966323
0.5646837293
0.4023511424
0.5323223885
0.5427744132
0.4364348352
0.4875821617
0.4753193082
0.4910000541
0.7629200055
0.7818491666
0.6600341607
0.6040169006
0.6085213488
0.4297740648
0.335228539
0
0.6615466495
0.7636727255
0.6059890495
0.4470209553
0.5097222486
0.3067079494
0.3673608108
0.727083186
0.7985094095
0.9044512932
0.02975211355
0.5628593501
0.6782594167
0.4250776332
0.9489443072
0.2320188084
0.04125455361
0.1940862553
0
0.7362274609
0.5008696419
0.3130857141
0.2033933642
0.631851317
0.7591933209
0.863088532
0.909336551
0.6030897685
0.5668610923
0.5196220196
0.6113138688
0.6556166092
0.6852078979
0
0.6129593876
0.898994637
0.4356572492
0.8002093057
0.5781580768
0.5282297095
0.412652111
0.5817513631
0.5336749161
0.7797350674
0.506524358
0.6746307882
0.7952315588
0.4888697863
0.7383570166
0.5905630137
0.9421297492
0.5253010379
0.6114205131
0.7173434926
0.5469884985
0.4902251504
0.7013508416
0.8016013892
0.787274599
0.952052108
0.3668674434
0.7283586727
0.1449273719
0.9778569077
0.9784153776
1.001710717
0.6512684293
0.7863232406
0.8980092182
0.6602567795
0.6241753562
0.6424902317
0.7330509608
0.7544912619
0
0.9784939243
0.8583423971
0.9374895299
0.6906286395
0.8372648233
0.5224639192
0.7180489859
0.8056900793
0.3808791783
0.691085242
0.7697330856
0.6752041329
0.8501525848
0.9961855767
0.8546624473
0.3651047012
0.6531124429
0.6829624417
0.2655216967
0.4758390478
0.4401755202
0.7938496517
0.7137842154
0.8018171967
0.5967481665
0.5901453944
0.1223486844
0.0507787318
0.8834711316
0.7991461295
0.7499010883
0
0
0.7058854467
0.8263900198
0.7086246786
0.7922903882
0.6929216369
0.6861762431
0.5350134173
0.8827230636
0.7638450621
0.6094515658
0.7382817511
0.8082843989
0.9050738962
0.6913026963
0.6704435813
0.7044215516
0.8572513206
0.699114167
0.6966024663
0.6450205696
0.9454970394
0.7132723302
0.4480572174
0.7415804548
0.6810718461
0.5512670183
0.4225895087
0.5975220973
0.1073189824
0.8967917148
1.02394515
0.6940725776
0.6906250392
0.8415638029
0
0.9693388085
0.7234758558
0.8371403706
0.6830063902
0.7491779625
1.335113382
1.137916663
0.7282052862
0.9583842397
0.7171884209
0.6890442863
0.8488397096
1.090946002
0.6769176278
0.7836430429
0.886446169
0.5298869634
0.7613713769
0.8486900476
0.597769826
0.6433758773
0.6059208273
0.2778944105
0.5200072672
1.006826485
0.910920644
1.082547295
0.9940850938
0.7619370805
0.7785862978
0.2873399191
0.2599744512
1.044760457
0.8637639654
0
0.7569538617
0.8190679333
0.6604040037
1.023900153
0.8157586531
0.9615259893
0.9062859413
1.09278565
0.8456529064
0.7182531238
0.8625946808
0.690546977
0.9851103871
1.136395993
0.5003340864
0.8593016742
0.5813461267
0.9231632946
0.7952388929
0.8190233956
0.7276713212
0.6379891183
1.14798623
0.96552703
0.8361925444
0.7300593761
1.242302795
0.5154181412
1.114647593
0.9116681807
0.7848526275
0.597653475
1.000982108
0.9673677405
0.7978126971
0.8996369937
0.5499688051
0
1.050194914
0.9849862159
1.031777167
0.832102584
1.000548854
1.289772988
0.8106273507
0.9916381988
0.9319348705
0.8514094722
1.022117926
0.9751312183
0.8175549808
0.7560840431
0.7518167227
0.7874391381
0.9057659531
0.7905487708
1.046402966
0.7182030009
0.9261683484
1.014905782
0.802702775
0.9192220028
0.3838479643
0.8628564211
0.8800885055
0.7441233382
0.9025063409
0.8688502159
0.8993554246
0.9531624625
0.5292061215
0.8399520082
0.6974015543
0.938865062
0.8902792616
0.7064009706
0.7713928193
0.712514254
0.9162976691
0.8461825033
1.265404022
0.8794204984
0.8390573469
0.9709960558
0.8274264062
0.7205686161
1.004378851
0.7952275745
1.187843248
0.2380780666
0.8879957413
0.7300588006
0.9594848148
0.8360382806
1.02552871
0.7496908571
0.7093133341
1.144953717
1.033186021
0
1.032006664
0.85659139
0.5955843354
0.8129133051
0.8930097685
0.7455853211
0.8141228476
0.7906358693
0.6428557302
0.9079327802
0.7126128318
0.9510467109
0.7837165345
0.9966366634
1.220455264
1.238062071
0.9905994646
0.9812876043
0.9712273987
0.8912054409
0.8590745562
0.8303146381
0.4922396778
0.6993541451
0
0.9146281097
0.6216612305
0.936665165
0.7401015398
0.3439286491
0.9931861582
0.4415747313
0.8852861663
0.8726526218
0.9569045029
0.758636055
1.048122715
0.7626425731
1.016500046
1.023328955
1.092089338
0.9985564286
1.048000736
0.6602809883
1.001173541
1.287071197
0.9310309955
0.6341156561
0.6544956721
0.9082420217
0.5117093306
0
0.6491061822
0.6767967736
0.9889704842
1.22589176
1.024390532
1.0191594
0.586340676
1.031174351
0.7521681036
0.8830389689
1.115498769
0.678384862
0.6505546875
1.192313032
1.351665587
0.6650376483
0.9409795046
1.349555665
1.030952448
0.5884092752
0.6841018805
0.8988352872
1.038203447
1.782176459
1.688767466
0.88581594
0.5143448569
0.5761354175
0.6167435516
1.041342388
0.2713226423
1.072228004
0.9442151833
0.4949208891
1.207205798
1.023620208
0.73909904
0.7338503927
0.6460700773
0.8319874294
1.206150244
0.8540211228
1.10426335
1.051805336
0.9457810229
0.725102359
0.8962571089
1.238583809
0.6665142332
1.136062948
1.266800652
1.151947703
0.8240232622
0.5550492591
0.7659999079
0.6164156498
0
0.6992372978
1.082576114
1.161295556
0.8769828322
0.6696239978
0.6437586236
0.812246523
0.6604894454
1.060630369
0.8470679532
1.079047897
1.128913222
0.7612884201
0.7742204493
0.7795681102
0.9075585699
0.8317250054
1.028646047
1.260485246
1.230979664
0.9115021766
0.1321389395
0.7721165072
0.7762459807
0.5963751929
0.287314885
0.7498747066
0
0
0.6023050537
1.1345349
0.9653545297
0.9759921699
0.9295578234
1.042565401
0.9247085374
0.7973933735
0.8325002766
0.9176547971
0.7981851
1.300610314
1.774920849
1.024142282
0.9282975961
0.2036007282
0.2744235242
0.2447787805
0.06427816615
0.6263043227
0.4323376254
0.5728415566
0.7751332908
1.090249688
0.983624114
0.8272666533
1.183296044
1.404662124
1.457601785
1.023248762
1.045724027
0.5708626563
0.06531926892
1.185525375
1.139556123
0.9111005218
0.7769066292
1.270180749
0.5190143179
0.4604791601
0.4709129191
0.3825750893
0.621347725
0.3540370714
0.3961401085
0.3128992375
0.2025938605
0.4223227629
0.351420768
0.6182983924
0.3618444937
0.3949492617
0.6474151407
0.2842435161
0
0
0.1467562943
0.925872144
0.6070959206
0.448624005
0.565155836
0.6890043097
0
0.5874832979
0
0
0
0
0.5011496222
0.6445261207
0.6518460941
0.7549909128
0
0.5742501843
0.8704775532
0.8302704182
0.8714708651
0.7510738404
0.6167525459
0
1.33985724
0.9258553545
0
0.6165834665
0
0.5273785277
0
0.4907420728
0.7453751622
0.2971433715
0.0398003031
0.06643063534
0
0.6602254632
0.7253727282
0
1.150095238
0
0
0.6319351812
0
0
0
0.9422273026
0.03243341966
0.59760038
0.5770635715
0.6698891676
0.8338236446
0
0
0.9172915072
0
0.8371638885
0
0
0
0.01304233824
0.7044501409
0.8779550662
0
0
1.153746478
0.5495213303
1.011918049
0.7617509234
0
0.4797477619
0
0
0
0
0.6342303348
0
0.9313787648
0
0.8010005336
0.3188846003
0
0
0
0.9736222903
0.9051376115
0
0
0
0.328437067
0
0
0
0
0.9730580614
1.024820947
0.6863967279
0.7351166986
0.8845906431
0.126934461
0
0.670858642
0
0.9848013885
0.9038916156
0.976431577
1.105440518
1.269570385
0.02359669726
0.8274561412
0.8962796688
0.849529988
0.8809488818
1.182878293
0
0.8057678241
1.097110889
0.2845346492
0.09409568685
0.0681004355
0
0
0
0
0
0.738556354
0
0
1.087203212
0
0
0.08674889691
0.06744505071
0.348560747
0
0
0.8258269334
0.6520222076
0.4311006409
0
0
1.06215453
0.9523829401
0
0.2108372429
0.1673867579
0.4520240147
0.1408354136
0.03169181427
0
0
0
0
0
0.01631716269
0.831102359
0
0
0.9570013993
0.03231510525
0.02042551362
0.8015802892
0.3758962364
0.0554967471
0.2011133721
1.037712077
0.9777434624
0.5868108901
0.6727314513
0
0
0.3396678122
0
0
1.362796933
1.233332625
0.5417409822
0.8528598575
0.789854625
1.217824009
0.8187263199
0.6658105034
0.325703276
0.2054881268
0.4071986069
0.4246438696
0.5736246383
0.3755561742
0.1630285185
0.236871758
0.2776889011
0.08461026378
0.08200850043
0.4637134508
0.4140021304
0.487941151
0.4507750553
0.5476938451
0.4585564261
0.1437980411
0.3127424552
0.542491364
0.5176896881
0.190421183
0.1590034632
0.5360052731
0.462030346
0.3342701487
0.0288848418
0.193810554
0.08479112042
0.08766167888
0.05737052819
0.308497263
0.4431410852
0.1741038527
0.2707329119
0.2865468336
0.3229501767
0.1713770113
0.2113563344
0.3467630784
0.126206504
0.09025626932
0.5747254976
0.1079797988
0.5196957933
0.341480971
0.5200589609
0.0315711225
0.06453294627
0.1179064605
0
0
0
0
0
0
0
0
0
0.7141590672
0
0
0
0
0.5022800635
0.1688151422
0
0.04823017109
0.7662872362
0
0
0
0
0
0
0
0
0.7484093416
0
0
0
0.5799601882
0
0
0
0.5852662888
0
0
0
0.3387296469
0.009428441207
0
0
0
0.105286903
0.04996725352
0.2463688584
0
0
0
0
0
0
0
0
0
0
0
0
0
0
0
0.7007705709
0
0
0
0
0
0
0
0
0
0
0.127561907
0.05291108859
0
0.01911863182
0
0
0
0
0
1.130595088
0
0
0
0
0
0
0.8960394033
0
0
0
0
0
0
0
0
0
0
0
0.02072000617
0
0.05076147997
0
0
0.1659053844
0.1083736021
0
0
0
0
0
0
0
0
0
0.03527178073
0
0
0
0
0
0.7963175239
1.206554604
0.9331200599
0.09090448364
0
0
0
0
0
0
0
0
0.03067015858
0
0.004934415167
0
0
0.5662156133
0
0
0.1892151988
0.1793214774
0.02542454546
0
0
0
0
0
0
0
0
0
0
0
0
0
0
0.7796461381
0.9593255819
0
0
0
0
0
0
0
0
0
0
0
0
0
0
0
0
0.7478905833
0.1662543593
0.1357765484
0.03260999087
0.0415431361
0
0.059508281
0
0
0
0
0
0
0
0
0
0
0.8740410188
0
0
0
0
0
0
0
0
0
0
0
0
0
0
0
0.5114159687
0.8686593844
0.5641781725
0.7523743501
0.04094997777
0
0
0
0
0.06189048331
0
0
0.5243216276
0.8487587608
0.4258279639
0.4445953384
0.1020812692
0.04504022505
0.1000533778
0
0
0
0
0.02092483608
0
0
0
0.8334550375
0
0
0
0
0
0
0
0
0
0
0
0
0
0
0
0
0.7003880007
0
0.008365244227
1.086253722
0.794050715
0
0
0
0
0.07429815257
0
0
0
0.1263038543
0
0
0
1.268784121
0.4939890115
0.09643454843
0
0
0
0.2213905819
0
0
0
0
0
0
0
0
0
0.9305917005
0
0
0
0
0
0
0
0
0
0.01757127736
0
0
0
0.6311865376
0.8437323962
0
0
0
0.5357113251
0
0
0
0
0
0.7785990642
0.04370304071
0
0
0
0
0.9301138467
0.421283192
0.6034422927
0.2151904451
0.1067638093
0.08587352812
0.03393355175
0
0
0
0
0
0.044794122
0
0
0
0
0
0
0
0
0
0
0
0
0
0
0
0
0
0
0.9024456718
0
0
0
0.02855409279
0
0
0
0
0
0.803360555
0.05653317713
0.05667894866
0.06166216206
0
0.01539162735
0
0
0
0
0.01604687143
0.06756942516
0
0.05633510104
2.031085007
0.6664557643
0.1163262404
0.1799108832
0.05345901123
0.06612631924
0.1805673017
0
0.190481246
0
0.03346807599
0
0.02680685906
0.08206425387
0
0
0
0
0
0
0
0
0
0
0
0.9076976533
0
0
0
1.129289537
0
0.03049142483
0
0
0
0
0
0
0
0
0
0
0
1.339772358
0.05638239251
0.02376398704
0.02326087788
0.1134812835
0.0280989365
0
0
0
1.439454907
1.681267748
0
0.1305010671
0
0.1496020211
0
0.07517675362
0.05827952056
0.08992378965
0
0.02449614506
0
1.233007974
0.7604057344
0.204845647
0.2919134833
0.05687769443
0.04140559317
0.05292031302
0.06457182223
0
0
0
0
0
0
0
0
0
0
0
0
0
0
0
0
0
0
0
0
0
0
0
0
0
0.03466644012
0
0.02437866147
0.04345691304
1.528789846
1.329903149
0.07101489196
0.04784315099
0.03007753671
0.1241889297
0
0.06096075936
0.02213397453
0
0
0.03391012902
0.5312528871
0.4440818909
0.1039563118
0.1553101983
0.02072427814
0.09881290645
0.04402159789
0.2072940667
0.07169942337
0.04687846299
0
0
0
0
0
0
0
0
0
0
0
0
0
0
0
0.5864730933
0
0
0.02362854514
0
0
0.02256880691
0
0
0
0
0.04176057322
0
1.459643082
1.207296154
0.07178120053
0.1227687387
0
0.002254659029
0
0.02475641595
0.06050820908
0.02195685643
0.02657239393
0.8675525205
0.4062197567
0.1937360351
0.3593561105
0.07776041121
0.1137901524
0.1629210028
0.1250503819
0.2077936419
0.3700288633
0.0609741555
0.1003155692
0.1207348239
0.2760508646
0
0
0.1731328567
0
0.08358693929
0.2298019072
0
0.08592557054
0.3803374183
0.249131409
0.1273570931
0
0
0
0
0
0
0
0
0
0.6719922693
0
0
0
0
0
0
1.332977919
1.007644034
0
0
0.02487356455
0
0
0
0.638338912
0.9025533045
0.2979848406
0.09627883589
0
0.1464963485
0.01969280119
0.04370162971
0
1.031648828
0.884667036
0.2258818297
0.4210533416
0.2931742859
0.2024621057
0.1904227424
0.2307206119
0.1003394674
0.2839802366
0.18298994
0.2095553631
0.1459782027
0.1115493534
0.06352349537
0.07142867017
0.0818539757
0
0.0570097967
0.1069878024
0.05531278029
0.08275557311
0.04597812308
0.06912419113
0.08149749646
0.09248367954
0.3170450099
0.150668278
0
0
0
0
0
0
0
0
0
0
0
0
0
0.02097502424
0
1.111246048
0.5846890817
0
0.002063307823
0
0.0306599186
0
1.38465754
0.4786625508
0.122468064
0.65738001
0.699503496
0.4137948327
0.4726974245
0.7108922207
0.4693093483
0.4240379061
0.2937206806
0.02145289668
0.07924771394
0.04238799091
0.07806077299
0
0.05531900316
0
0
0
0.08030666681
0
0
0.6172931302
0.225598316
0.4384390467
0.1261882205
0.622798987
0.1748242718
0.3508531371
0.1894056352
0.4517121492
0.08650302818
0.381554305
0.1431898295
0.2716011396
0.2491489572
0.05012649865
0.09938825267
0
0.04397577168
0.09982598001
0.251923841
0.3794863567
0.1005132614
0.05580362905
0.1740873181
0.11047338
0.08353509307
0.1175481916
0.1129154978
0.06669945111
1.080484529
0.6803363688
0.5054742141
0.4688400468
0.7973543765
0.5529700805
0.3728806715
0
0
0
1.311984301
0.5305203054
0.3985820983
0.6861338986
0.3926216787
0.5130809171
0.6805608712
0.4053066288
0.02076755001
0
0
0.8687797696
0.6019429591
0.4649748815
0.3824536853
0.7403710236
0.545068149
0.7317013478
0.7315059847
0
0
0
0.2843649264
1.361171905
0.4954470276
0.5391907838
0.4662465652
0.4038713825
0.4956000534
0.2233912326
0.3552161906
0.4866889163
0.2917703718
0.4047475533
0
0
0
0
0
0.3833774768
0.431380277
0.42173658
0.2863378418
0.5030585467
0.4663233984
0.2548799793
0.2442396741
0.4652176017
0.3065255299
0.3196540857
0.3857119972
0.337311364
0.4865267738
0.3572900691
0.1907979067
0.2061262623
0.2007689631
0.4769483217
0.2072806685
0.04971449997
0.1276743274
0.07998832653
0.09764681533
0
0
0
0
0
0.333828217
0.281960947
0.2811710059
0.4046858084
0.1590523093
0.2774951536
0.1148965972
0.2020293969
0.3624608831
0.1946454489
0.1855414996
0.241453933
0.1591406814
0.006418480542
0.2047872549
0.06396863888
0.09399893157
0.1824120494
0.09651250232
0.1224502393
0.115755562
0.1538436506
0.06904362678
0.08353961828
0.1522397025
0.4173993485
0.8567297017
0.5492138341
0.2873110926
0.631233935
0.05938011408
0.3638365743
0.04118048274
0.5429573467
0.3264146783
0.5016056443
0.3373292236
0.4245202156
0
0
0
0
0.1838546541
0.681315972
0.374890793
0.4907841133
0.7081384712
0.45365404
0.4732011155
0.2876797374
0.303471747
0.4540637867
0.7399178364
0.4195377424
0
0
0
0.3747623351
0.3896104724
0.2540651053
0.5444905959
0.1733104432
0.7502208658
0.4389484812
0.6367322491
0.9739335445
0.5719867918
0.4219126238
0.4465784721
0.3331082751
0
0
0.2088255175
0.4414404699
0.56926896
0.4457290219
0.2848385901
0.4136494805
0.3996821681
0.228582861
0.2961509665
0.3012769169
0.2593363024
0.2781896563
0.258863015
0.2851496162
0.3223698275
0.4042402225
0.1299574011
0.3346787437
0.1733616634
0.205982065
0.1291416378
0.1634785492
0.258540142
0.2901702923
0.06247466774
0.04687291144
0.01565388365
0
0.04979318716
0
0
0.08338657234
0
0.243495838
0
0.3803164535
0.2242053162
0.2565970651
0.1549243077
0.1418998415
0.1368647174
0
0.05135125849
0.1714410186
0.2530223715
0.353702546
0.5859946682
0.1639532266
0.286487362
0.1790118441
0.6324202771
0.4610066311
0.3265596014
0.3447683262
0.4069198039
0
0
0.2256096665
0.4134825195
0.437693301
0.2812100155
0.4414206692
0.2040324189
0.4844253328
0.5271612885
0.4745434139
0.5764773845
0.6638711702
0.5410437435
0.4330741163
0.4738579246
0.5151939267
0.4075603792
0
0
0
0
0.3218400902
0.08688386212
0.4522965723
0.124840313
0.6410411194
0.1771138857
0.2965440312
0.1374290581
0.1764709183
0.2090482628
0.1799832267
0.187875569
0.158249609
0.09947888315
0
0
0
0.08541688436
0.1218577053
0.2204926807
0.1621067907
0.1744515693
0.1975928576
0.04609219714
0.117227042
0.3887595782
0.5948730927
0.3450297573
0.1437336281
0.3036532184
0.3073864901
0
0.09339971798
0.04715011246
0.009767946184
0.2675443719
0.1156410757
0
0.1327427126
0
0.0244999057
)
;
    }
    spline
    {
        type            calculated;
        value           uniform 0;
    }
}


// ************************************************************************* //
