/*--------------------------------*- C++ -*----------------------------------*\
| =========                 |                                                 |
| \\      /  F ield         | OpenFOAM: The Open Source CFD Toolbox           |
|  \\    /   O peration     | Version:  v1706                                 |
|   \\  /    A nd           | Web:      www.OpenFOAM.com                      |
|    \\/     M anipulation  |                                                 |
\*---------------------------------------------------------------------------*/
FoamFile
{
    version     2.0;
    format      ascii;
    class       volScalarField;
    location    "0.4536";
    object      surfaceShearStress_O2;
}
// * * * * * * * * * * * * * * * * * * * * * * * * * * * * * * * * * * * * * //

dimensions      [1 -1 -2 0 0 0 0];


internalField   uniform 0;

boundaryField
{
    symmetry
    {
        type            symmetry;
    }
    inlet
    {
        type            calculated;
        value           uniform 0;
    }
    orion
    {
        type            calculated;
        value           nonuniform List<scalar> 
1990
(
0.1159187089
0.03842742756
0.1028304718
0.0122146722
0
0.09032498848
0.2123832328
0
0.1740026165
0
0.4184722839
0.1695893289
0
0.1791364841
0.2320656601
0
0.2332037864
0.03041490874
0.3776108305
0
0
0.09225710987
0
0.2627959639
0
0.08305142661
0
0.1561265616
0.1628669965
0
0.1973055409
0.06400421379
0.3252316465
0
0.04740763215
0
0.1588789019
0
0.1202884424
0.1613406451
0
0.2427230917
0
0.2435193086
0
0.4259856892
0
0.3142768
0
0.181520989
0
0.288571998
0.2421506361
0
0
0.3870436247
0
0.4592637497
0
0.2487566968
0.2752922956
0.0669374828
0.03059069271
0
0
0
0.2297104612
0
0.3915152855
0
0.1805560632
0.07852889542
0.2612411799
0
0
0
0
0.1539537674
0.2498442653
0
0.4123690844
0.6023724298
0.2287846138
0
0.4497663683
0
0.05579051874
0.0950484314
0
0.2045838522
0
0.1833060645
0.2633377392
0
0
0.3448524596
0
0.4429432828
0
0.4201479643
0
0.2734473556
0.2864542181
0.3497813913
0.3001107734
0
0.3069544684
0
0
0.2331950179
0
0
0.266849005
0
0
0.1630333691
0
0.3050793333
0
0.3853911318
0
0.2791341368
0
0
0.2615405949
0
0.02750599743
0
0.5234648968
0
0
0
0.0809142157
0
0
0
0.1616492001
0
0.2509301646
0
0
0
0.3417605299
0
0
0.3388659835
0
0.3387247321
0.1578644038
0.2475582141
0
0.1811612961
0
0
0.3243897625
0
0.3756216007
0
0.7219808871
0
0.166066814
0.04485483124
0
0
0.2532978263
0
0.09143977141
0
0.7005585811
0
0.3960311681
0
0
0.1458050755
0.05493340029
0.07291017452
0.3712072542
0
0.2015124523
0.2339912217
0.3001112107
0
0.3910610451
0.04817300968
0
0.5565576584
0.03826497854
0.01998835358
0.05507439684
0.04165545922
0
0
0
0.1307352497
0
0.3244326605
0
0.05771175477
0.1601185875
0.02071270794
0.06148492974
0.02051834708
0.03934765603
0
0.02452798272
0.04336208489
0
0
0
0.5072795414
0
0
0.07430839638
0.205944405
0.2383397879
0
0
0.1955685801
0
0.1809111238
0.06948964852
0.06650040225
0
0.2271806956
0.1258212304
0
0.1783303387
0.1612564263
0
0.2506573339
0.4225409209
0.0433859212
0
0.1497825666
0.09844848493
0.4242909629
0
0
0
0.05055064602
0.09043364265
0
0
0
0
0.1984379979
0.2275023071
0
0
0.1803797018
0.2446060799
0
0.1727290515
0.07124076906
0
0
0.1623702562
0.02194863408
0.1176979855
0
0
0.1865856398
0.1564514281
0
0.1824695984
0.02927347858
0
0.1848925928
0.07799505041
0
0
0.2138812649
0.2544327369
0.06262424382
0
0.3421611154
0.06579050395
0.04250010739
0.02137875275
0
0.09599220138
0.2069325352
0.109738666
0.2444927855
0.0672257123
0
0
0
0
0.1244816329
0.3049244423
0.2586961315
0
0.08316935101
0.5233965553
0.6602637815
0
0.06768989219
0
0.1673371711
0
0.02295915996
0.1107522965
0.07184999094
0.1985453296
0.1327705061
0.1002714336
0.2408867371
0.03511614368
0.1742460568
0.1124993341
0.03415913074
0.1271605377
0.2568966618
0.3409283208
0.3171754865
0.1191692173
0.2377752224
0.1423912176
0
0.1600935465
0.1093793089
0.1511472379
0.01799433228
0.09062847536
0.1374507591
0.3050804566
0.1660185501
0.3516924902
0.1148507976
0
0.2295065063
0.09521327333
0.1178342134
0.1849682509
0.1515600266
0
0.1108723412
0
0.1295447866
0.3418118007
0.2786150323
0.1176969639
0.191630745
0.1700178472
0.1613781205
0.4002294741
0.1420139492
0.1661049194
0.3966692
0.1196029917
0.2217857999
0.4092701967
0
0.262554593
0.2442158022
0.0516955101
0.08493045916
0.1916009131
0.1417704045
0.2638577333
0.3327639861
0.2314910805
0.06623562283
0.1236268768
0.2430846741
0.1197698252
0.1650403096
0.1425712219
0.3538642888
0.03100970356
0.1067085314
0.3009495231
0.2004952001
0.1570600793
0.2190656851
0.01307470305
0.2277280643
0.2630833468
0.05518693906
0.05509510287
0.1695913242
0.09419836207
0.04034102264
0.4528282245
0.2247217291
0.1579872651
0.2085136286
0.443587743
0.2541196214
0.1949255783
0.188352509
0.3257942924
0.06179500169
0
0.1753618969
0.2232060608
0.1048527222
0.06938489272
0.1951471321
0.1258732457
0.317172309
0.1534464714
0.3304910619
0.2071454114
0.3151059937
0.07804560749
0.2375828773
0.03232363615
0.2118663908
0.4771231511
0.3724698837
0.205571433
0.2364301692
0.204532548
0.1236283186
0.279070516
0.2927745959
0.3182259367
0.3143806611
0.1861948112
0.05146874162
0
0.2068612543
0.2728999657
0.2058746629
0
0
0.3410553119
0.3512398086
0.06393128128
0.1844745005
0.192026317
0.2993454754
0.2156654504
0.2386063357
0.1658159707
0.1891564435
0.3940286847
0.2109429775
0.2816409785
0.1798625093
0.2950778939
0.08224854899
0.2809698612
0.2350986273
0.287092478
0.2829142532
0.3604813911
0.2371438734
0.4042472723
0.2000495369
0.1476350367
0.294080465
0.1150501501
0.3404048149
0.05723553768
0.2821116383
0.2195093394
0.1187367565
0.1909130478
0.280276321
0
0.3211968544
0.4047161455
0.1567435568
0.3321346307
0.1361977566
0.2174480513
0.214261471
0.2761128322
0.161650607
0.2948094421
0.2354828804
0.211544947
0.5851478778
0.2176875237
0.2939011886
0.1073063156
0.3008301772
0.3416306148
0.3670492511
0.2674585713
0.2021785441
0.1807865445
0.239174938
0.262397008
0.3507971726
0.2160081454
0.2243517652
0.1201071975
0.06308351028
0.193496436
0.1697735859
0
0.1178954635
0.3081296656
0
0.1819259596
0.1259536409
0.1227783673
0.4860030469
0.2321293437
0.04816137073
0.1132493422
0.2684009159
0.2318688171
0.1800048071
0.3680651482
0.3937910814
0.2231527148
0.4212335199
0.5897748997
0.2584333275
0.2020896173
0.2084652362
0.2302379747
0.3847920596
0.117951007
0.3245933316
0.261170509
0.3579914353
0.5198742713
0.4075103792
0.3673739762
0.5098554073
0.3056432192
0.1998723355
0.1763652247
0.2970068826
0.1510837988
0.2576062601
0.3260596947
0.2722553386
0.4076210444
0
0.293629992
0.1903977479
0.300837195
0.1628985815
0.2899772147
0.2460293225
0.01446668838
0.1420796482
0.3350723193
0.1895174615
0.1966878055
0.2102806188
0.2888349951
0.288829514
0.2532360359
0.3031263323
0.169915756
0.29748955
0.5490804742
0.3310067862
0.2100914838
0.3478696928
0.2268508279
0.1191618941
0.3981051955
0.4195390637
0.2653113776
0.07662145071
0.2446192835
0.1210229078
0.2221239841
0.2792384187
0.2372475974
0.3518501439
0.2815743456
0.3595099999
0.2682283238
0.2490527916
0.3692502229
0.1605652153
0.2339756155
0.5087136827
0.1465540957
0.4968550964
0.2450092567
0.3943453332
0.3584647361
0.2587325239
0.3831307098
0.2632800694
0.4396566429
0.1336402434
0.2986893893
0.2793522798
0.2114165618
0.2251358038
0.1429018677
0.1599663138
0.40788985
0.1815964034
0.3094199826
0
0.1846405426
0.129906013
0.5664197966
0.3289126989
0.57328806
0.3292443315
0.1719961327
0.4708980233
0.2742901457
0.4230423138
0.2497589015
0.4515433587
0.3254770676
0.6118013691
0.3172973819
0.2859108026
0.62226736
0.2503426752
0.4285689185
0.1839612015
0.1737420525
0.3562458015
0.06559016739
0.4131099584
0
0.533848173
0.2595792383
0.3602563894
0.3380160975
0.3287471823
0.2790155645
0.1167337729
0.2198991422
0.2531637949
0.2041880749
0.2984031556
0.3754359671
0.3309198558
0.152542799
0.3037184399
0.3150055421
0.2609623854
0.4153569249
0.2120982645
0.4238856311
0.4221192152
0.6912498257
0.3609180609
0.4133331913
0.4227224336
0.6873333361
0
0.2935479456
0.4131361967
0.523747377
0.3252752407
0.347441275
0.2880148165
0.3702770123
0.2371116859
0.3576422432
0.2709018955
0.3312328243
0.1449742075
0.3057745116
0.1644368552
0.3403245018
0.2798026049
0.4055637865
0.1262856852
0.2780412718
0.3602719485
0.3353282063
0.3882880969
0.4273857091
0.4095335052
0.2361724038
0.3544894785
0.2604632516
0.2566644406
0.2426540406
0.1969705467
0.06541815909
0.1183571385
0.1207793149
0.1044135114
0.09829035809
0.2828333503
0.1792282371
0.3464946088
0.06116415977
0.2116331985
0.2573993229
0.2541017966
0.2887440685
0.1538761352
0.4830924593
0.3568349234
0.7390871833
0.289258921
0.3278645075
0.1024889679
0.3072867529
0.7319237584
0.3384070259
0.1590583063
0.09394370381
0.1242431498
0
0.3993253486
0.3267432663
0.168833352
0.5619107118
0.2985829648
0.3904637542
0.1426492542
0.3061012084
0.1399596548
0.229556039
0.1024564041
0.3266890242
0.2398430667
0.1863158096
0.2506946901
0.2669896496
0.3619665587
0.8939259957
0.2176227057
0.2353935942
0.2483165945
0.2607504987
0.2462180749
0.2975745701
0.4585227439
0.1966016188
0.3102541551
0
0
0.2156687869
0.2498825364
0.2481901552
0.3644603964
0.1808946568
0.3162824731
0.4214787047
0.3506439141
0.7308779271
0.2820730696
0.2103750681
0.5035774895
0.3386160728
0.2386001876
0.3703132921
0.2344473313
0.1518204917
0.2817451435
0.3392277628
0.3472274642
0.2389498351
0.06413679499
0.08828935343
0.42985342
0.3776515166
0.3251709035
0.2425116746
0.5137613244
0.3822783008
0.2373511556
0.2079778628
0.2205956003
0.02062967693
0.3479698586
0.5211349561
0.5542558971
0.3028361467
0.5306332317
0.3113995468
0.1416345991
0.0524573992
0.09957546978
0.1364057121
0.1586701843
0.1316104466
0
0.04103451562
0.1515514977
0.1606672319
0.2065238386
0.3060526671
0.1501420842
0.06651574859
0.03156120081
0
0
0.09331555166
0.1651045933
0.2076126127
0.1147481991
0.2385330029
0.07752766452
0
0.0976421523
0
0
0
0
0.1645192352
0.243811105
0.08022306883
0.1743996958
0
0.157398299
0.09042253874
0.3220072115
0.2487941042
0.2412181161
0.1864429759
0
0.2489405003
0.2559463801
0
0.1325444256
0
0.1273348765
0
0.216472062
0.2073288759
0.08905310508
0.0999076336
0
0
0.2906687275
0.3082085934
0
0.3227934032
0
0
0.404201892
0
0
0.03457717418
0.2173067379
0
0.3063412313
0.4361980036
0.2656950291
0.2811384106
0
0
0.2294833815
0
0.3068118321
0
0
0
0
0.1824966508
0.2743053212
0
0
0.06214760891
0.2426969628
0.494939851
0.1365532007
0
0.1511158358
0
0
0
0
0.2793476233
0
0.2141663341
0
0.521323625
0.3909000714
0
0
0
0.2662177391
0.4305728514
0
0
0
0
0.08066251918
0
0
0
0.4249163044
0.249571517
0.7911761108
0.2811535203
0.1859001269
0.1374784841
0
0.3388382873
0
0.3196753199
0.1655578381
0.2214672895
0.3794825031
0.4441749138
0
0.1693909138
0.3725975931
0.4495811603
0.3754691799
0.49036895
0
0.2964765775
0.4599026269
0.3869496928
0
0
0
0
0
0
0
0.3274020549
0
0
0.5105425824
0.05883670591
0.03945925277
0
0
0.1336379341
0
0
0.2194718336
0.2583253418
0.2058239076
0
0.0462044234
0.2535056747
0.2294386008
0
0
0.01904322611
0.1776622629
0.01986501934
0
0
0
0
0
0
0
0.2219765004
0
0
0.3439382028
0
0.06399987897
0.1361167995
0.08440109384
0.07765263748
0.1362806209
0.5255621534
0.3562180203
0.0622884762
0.1368355937
0
0
0.2337145096
0
0
0.2443684997
0.525504834
0.5112747463
0.3889645416
0.4085110041
0.2843944179
0.2175196462
0.3408217481
0.1597310633
0.2331178362
0.06669419874
0.1654765866
0.04628066015
0.1225817665
0.1091158494
0
0.03126720747
0
0.01063597352
0.1208136847
0.1244142739
0.2185417774
0.1856778035
0.1226197092
0.2288934164
0.06800872737
0.1126058924
0.1528588533
0.1886059748
0.2386155181
0.06616382427
0.13122511
0.09023730552
0.2169706529
0.03071456091
0.0381872363
0
0
0
0.03430850399
0.03464200987
0
0.129885831
0.09136672415
0.07528439965
0.02416405234
0.02483890646
0.07210083233
0.03468604375
0
0.1126850049
0
0.06463725561
0.0215548635
0.1018447272
0.03432132883
0
0.04478800012
0
0
0
0
0
0
0
0
0
0.117290974
0
0
0
0
0.2423596178
0
0
0
0.1242838741
0
0
0
0
0
0
0
0
0.2907192572
0
0
0
0.3628571051
0
0
0
0.1933010023
0
0
0
0.1377237711
0
0
0
0
0.01459503981
0
0.1390862558
0
0
0
0
0
0
0
0
0
0
0
0
0
0
0
0.2202967865
0
0
0
0
0
0
0
0
0
0
0.06076542066
0.06095884882
0
0
0
0
0
0
0
0.1549865822
0
0
0
0
0
0
0.1609204799
0
0
0
0
0
0
0
0
0
0
0
0
0
0
0
0
0.1205233983
0
0
0
0
0
0
0
0
0
0
0
0
0
0
0
0
0.1049217922
0.1922396409
0.3804602561
0
0
0
0
0
0
0
0
0
0
0
0
0
0.03926055461
0.2535006485
0
0
0
0
0
0.07812240448
0
0
0
0
0
0
0
0
0
0
0
0
0
0.3965140444
0.2836482889
0
0
0
0
0
0
0
0
0
0
0
0
0
0
0
0
0.1919895099
0
0.03342171077
0.08912278114
0
0
0
0
0
0
0
0
0
0
0
0
0
0.3784125524
0
0
0
0
0
0
0
0
0.01701701445
0
0
0
0
0
0
0.2918384997
0.3730580448
0.2486496169
0.3938613516
0
0
0
0
0
0
0
0
0.2486536803
0.2113910769
0.1724887267
0.1560712112
0.06968595842
0
0
0
0
0
0
0
0
0
0
0.07619697038
0
0
0
0
0
0
0
0
0
0
0
0
0
0
0
0
0.1979444474
0
0
0.4058326241
0.1330974765
0
0
0
0
0
0
0
0
0
0
0
0
0.3506556118
0.3917384111
0
0
0
0
0
0
0
0
0
0
0
0
0
0
0.2779032273
0
0
0
0
0
0
0
0
0
0
0
0
0
0.3054745765
0.1987121828
0
0
0
0.2901907546
0
0
0
0
0
0.3513658526
0
0
0
0
0
0.3244232102
0.1894862201
0.5332380425
0.3316711756
0.02037861844
0.03365505871
0
0
0
0
0
0
0
0
0
0
0
0
0
0
0
0
0
0
0
0
0
0
0
0
0
0.3410786293
0
0
0
0
0
0
0
0
0
0.3634291513
0
0
0
0
0
0
0.03513966242
0
0.02315954239
0
0
0
0.1329055578
0.7680583274
0.01444414778
0.1087081873
0.02035459869
0
0.1018176211
0
0
0
0
0
0.05014771527
0.01265891842
0
0
0
0
0
0
0
0
0
0
0
0
0.3871226809
0
0
0
0.2333240774
0
0
0
0
0
0
0
0
0
0
0
0
0
0.4821796678
0.03443677708
0
0
0
0
0
0
0
0.5171550153
0.4151473997
0.06133249035
0
0
0
0.03534486013
0
0
0
0
0
0
0.379849726
0.4180744051
0.09671491651
0.1247039596
0.008482800936
0.007105447405
0
0
0
0
0
0
0
0
0
0
0
0
0
0
0
0
0
0
0
0
0
0
0
0
0
0
0
0.01403336702
0.02150492286
0.01882470229
0
0.4850562157
0.5056360446
0
0
0.01171416413
0
0
0
0
0.07380576095
0
0
0.108171902
0.1303171026
0
0
0.1049702028
0.02846494732
0.04304453401
0
0.09932300054
0
0
0
0
0
0
0
0
0
0
0
0
0
0
0
0
0.2217016606
0
0
0
0
0
0
0
0.1031495096
0
0
0
0
0.7585347527
0.2189111412
0
0.01048721779
0
0.05466356596
0
0
0
0.03428426198
0
0.1595531944
0.0746020735
0.1797505086
0.1821408649
0.05087204699
0.0378583631
0
0.04940815712
0.06151495419
0
0.02724476322
0.1179582835
0
0
0.0134179535
0.06393042945
0.05767205989
0.044446374
0
0
0
0.01008633204
0.1415989839
0.0187582139
0.01758450748
0
0
0
0
0
0
0
0
0
0.2701890685
0
0
0
0
0
0
0.4253904002
0.3315782047
0.03244919728
0
0
0
0
0
0.4764181361
0.2962272585
0.1368757601
0
0
0
0.08210081107
0
0
0.2672188338
0.03474338727
0.01197916885
0.1568983186
0.1582074917
0.06643479173
0.1273533238
0.009059837343
0.04253397425
0
0
0.0632064106
0
0.05356812853
0.03188079965
0.04522322863
0.07114252445
0
0
0
0
0
0.01120526769
0.0535718141
0
0.1410551765
0.0660707
0.1413040501
0
0
0
0
0
0
0
0
0
0
0
0
0
0
0
0.39203765
0.1989696453
0
0
0
0
0
0.444144213
0.07911905469
0.2030611505
0.01774801926
0.09920982275
0.09893740119
0.1830687405
0.1175082397
0.08172948519
0.04056976749
0.1005602693
0
0
0.04998760588
0
0
0
0
0
0
0
0
0
0.2693401447
0.05041399499
0.05273951794
0.09965599397
0.2972774471
0.08984925613
0.1102315478
0
0.01112791098
0.03456961673
0.09847664845
0.1652704081
0
0.07300965804
0.07067498968
0
0.0166573493
0.01565387751
0
0.05896753031
0
0.05444166141
0.04211029953
0
0.02153137974
0
0
0
0.09616568674
0.4007401029
0.1006835519
0.03707243167
0.3500376773
0.4766307208
0.02055603135
0.2366216941
0
0
0
0.2274539581
0.175237436
0.2999908526
0.185359526
0.1360000761
0.03103827346
0.11637941
0.1819893828
0
0
0
0.1308000443
0.2370753842
0.1194829894
0.03291701203
0
0.20973132
0.05940993842
0.3676510668
0
0
0
0.2873747058
0.07783259689
0.3231378464
0.1896521483
0.1158963512
0.2806581001
0.06726104221
0.1367030031
0.2462324295
0.2405248083
0.1814579972
0.3043027358
0
0
0
0
0
0.2933837427
0.387248927
0.05644502702
0.1344020746
0.2237922221
0.1577341246
0
0.1724060403
0.1176152684
0.06756585845
0.07398933302
0.1138806658
0.08477562631
0.2197896403
0.1196894993
0.03613576443
0.05845067144
0.07845621967
0.1010608418
0.1218179112
0.05721212016
0.03052794927
0
0.03849042159
0
0
0
0.0431680577
0
0.07389230305
0.1501335367
0.02786076301
0.03995026509
0.05008913289
0.1715502915
0.1017237867
0.1004341317
0.07669395247
0.07789380122
0.05610768243
0.05922112534
0
0.1145687953
0.09681611143
0
0
0.06653533427
0.04796027061
0.03714054728
0.0415713412
0
0
0
0
0.1992365652
0.101901798
0.2826155995
0.1602835565
0.2222465892
0.02840322357
0.01616284543
0.1787289453
0.6133995838
0.09157624217
0.1782215967
0.02448113269
0.07419597743
0
0
0
0
0.1835595908
0.2017439991
0.2427123365
0.233270574
0.0698057183
0.2128482311
0.226517543
0.08350010877
0.1060002874
0.1077741261
0.1679655625
0.102918989
0
0
0
0.1337768103
0.1492592163
0
0.2530708406
0
0.2017052385
0.123944495
0.07166609849
0.03804613645
0.2585181837
0.2137128954
0.08490905919
0.04160994125
0
0
0
0.05992628984
0
0.07282657918
0.1055519985
0.2638151813
0
0.07435395018
0.1297551784
0.17828634
0.1567733509
0.01584298114
0.1228712344
0.1637201881
0.08547167226
0.02088412677
0.07652769623
0
0.03002977496
0.05655638633
0.02502814711
0.1626034152
0.08120112492
0
0.06006513114
0.03719061807
0.06094735911
0
0
0
0
0
0
0.004476550104
0.1786199757
0
0.09614358304
0.1032830047
0
0.07813451231
0
0
0
0.04734018164
0
0.1711386151
0.3021641564
0.2986626731
0.1401974287
0.09374381433
0.04229398868
0.193812276
0.1143293822
0.03888422739
0.03827237364
0
0
0.06340140536
0.08599777619
0.1461192941
0.1942102265
0.06582514953
0.1914014905
0.02270647099
0.1226466496
0.075765407
0.0459486289
0.06277049602
0
0.1955859153
0.3972917605
0.09525283101
0.03030706703
0
0
0
0
0
0
0
0.1484028714
0
0.09145229865
0.08774816012
0.05354106952
0.09393960564
0.1500994164
0.04704377688
0.1219838073
0
0
0
0
0
0
0.1360392478
0.1461870952
0.01330899891
0.08952109479
0.09629075516
0
0
0.2379943284
0.03248237162
0.09149619148
0.04484948863
0.09398863636
0.0650848477
0
0
0
0
0.0624749686
0.1898619211
0
0.1978893057
0
0.06480848701
)
;
    }
    spline
    {
        type            calculated;
        value           uniform 0;
    }
}


// ************************************************************************* //
