/*--------------------------------*- C++ -*----------------------------------*\
| =========                 |                                                 |
| \\      /  F ield         | OpenFOAM: The Open Source CFD Toolbox           |
|  \\    /   O peration     | Version:  v1706                                 |
|   \\  /    A nd           | Web:      www.OpenFOAM.com                      |
|    \\/     M anipulation  |                                                 |
\*---------------------------------------------------------------------------*/
FoamFile
{
    version     2.0;
    format      ascii;
    class       volScalarField;
    location    "0.4536";
    object      surfaceHeatTransfer_O2;
}
// * * * * * * * * * * * * * * * * * * * * * * * * * * * * * * * * * * * * * //

dimensions      [1 0 -3 0 0 0 0];


internalField   uniform 0;

boundaryField
{
    symmetry
    {
        type            symmetry;
    }
    inlet
    {
        type            calculated;
        value           uniform 0;
    }
    orion
    {
        type            calculated;
        value           nonuniform List<scalar> 
1990
(
143.289773
65.17202927
313.5907089
-10.0576357
0
180.1205074
398.0767694
0
403.1277295
0
1077.06049
356.0646402
0
514.5094939
647.314425
0
915.7495036
69.14378288
995.1321668
0
0
279.0523311
0
449.6251303
0
229.9690933
0
601.036836
394.1665481
0
647.0669084
224.7676333
901.8626572
0
313.4659172
0
619.1136598
0
295.7779777
409.7009214
0
730.1906588
0
880.7593345
0
1606.013199
0
1142.562007
0
688.3406591
0
1044.045762
645.9233276
0
0
1325.510949
0
1598.233804
0
1072.822314
1012.569096
206.0871071
94.78548349
0
0
0
1633.068888
0
1632.610485
0
716.0803995
160.8315255
773.8328985
0
0
0
0
968.5693528
900.8402895
0
1608.093712
2073.104964
1187.5724
0
1377.756165
0
186.9413562
259.7302872
0
1053.717208
0
1181.866478
1131.605727
0
0
1273.065472
0
2046.532633
0
1420.705984
0
1124.675051
1575.009089
1783.573725
1668.902264
0
920.5783369
0
0
1231.394275
0
0
1240.073668
0
0
516.6073506
0
2344.369031
0
1638.637185
0
1395.103909
0
0
1440.363053
0
44.1115647
0
2271.3659
0
0
0
235.7871154
0
0
0
1184.259339
0
1593.000813
0
0
0
1571.166408
0
0
1282.373857
0
1574.732694
833.2294478
997.0115918
0
1328.853089
0
0
1658.29548
0
2092.18318
0
3027.217926
0
497.8538747
104.5994891
0
0
1251.591333
0
1617.369603
0
3394.640502
0
2346.684761
0
0
616.5126256
118.3665239
148.823346
2204.10915
0
2103.610056
2227.603699
1993.662501
0
2232.328968
95.30766868
0
1862.294194
155.0107873
37.03772337
103.0648444
93.79985473
0
0
0
1360.952551
0
1484.836922
0
97.74643368
448.4447677
26.22963332
197.3353576
102.511996
44.50516167
0
16.9209961
20.61198882
0
0
0
1996.356899
0
0
60.80702113
552.9067347
634.3072781
0
0
516.0659732
0
449.0832601
110.7993972
102.5427307
0
721.2170459
271.1754555
0
648.4384665
566.83396
0
1071.781738
1158.664394
138.9731196
0
627.2561152
258.8678363
1303.003323
0
0
0
127.5173879
196.7890894
0
0
0
0
587.3968881
736.8027233
0
0
486.5504039
736.6949919
0
590.1501824
213.5546105
0
0
366.8294578
-2.867698048
281.6849872
0
0
697.941088
465.6752629
0
515.1398771
50.56969201
0
598.4950802
230.8571039
0
0
615.0463848
981.0236509
198.5813991
0
945.8979319
122.3174677
59.88759987
9.371980875
0
319.660749
432.111993
134.9693071
838.774934
193.9467785
0
0
0
0
268.3447185
1009.578601
528.6049081
0
142.6125337
1717.350661
1614.519411
0
53.30098899
0
503.8353161
0
-10.76240475
428.1152986
293.8227679
631.2361376
188.9091082
212.1624038
929.1571069
71.22139685
666.5094997
352.0460692
422.213302
351.2052853
755.8534364
816.1002546
885.2789135
678.2263632
448.336662
510.790912
0
737.608868
393.1220361
447.9960215
167.0708051
304.257792
278.1145706
814.3320174
596.8720298
1042.566679
155.4296768
0
657.7933897
404.6731181
205.4631613
511.8570402
474.135606
0
284.2573872
0
347.6815805
1419.541674
582.0741765
218.8718046
712.6953463
680.0402567
730.5358305
1379.86668
575.0649013
388.1666325
1024.710284
334.3094076
817.8414782
1240.303108
0
566.1171365
611.6816142
174.6525514
198.6863562
467.6343166
712.2852402
979.6428126
824.1380268
555.6049639
300.2757158
344.2468672
904.5836344
420.3168319
432.7808102
656.9826554
1078.325159
392.3744795
336.3752952
767.3417895
443.662338
445.5966135
307.3595456
5.609332818
654.0310403
878.4880591
75.43460691
-23.99234468
578.7379257
269.2001211
467.9966501
1017.556828
631.2817685
440.6416252
778.5089811
1185.423046
1155.493482
926.7146518
510.6406984
1093.271852
357.6539769
0
701.0125741
836.5665459
303.0779872
497.4281444
1366.334558
619.0951249
1239.105012
589.9276986
1084.356991
833.4272308
1339.69736
208.62469
687.0595684
26.8966656
817.7054333
1714.660173
1352.182634
475.3229921
754.0105784
287.7539153
635.8882074
868.2697142
840.9064329
1230.771471
818.706984
697.5580545
110.5063298
0
633.3469166
795.8308162
800.5810645
0
0
1067.913347
1311.42619
314.7929072
627.837227
810.5482516
856.2176997
672.3736212
748.7888136
480.6937654
543.3058431
1110.649905
500.3104999
1254.404956
477.9666067
990.970942
555.8692719
906.1285428
804.2568937
867.9460522
952.5766033
1323.022939
629.4447053
1273.933313
752.6383918
704.5201159
856.3759597
245.1377339
878.9324494
136.7790973
1222.423308
678.0638274
461.8571173
815.8916179
1127.239708
0
1121.459912
1273.258057
904.5601032
1032.014969
378.360989
607.3052614
956.1769623
1057.3833
797.1834963
873.2525586
1083.930104
701.2972248
1842.730728
761.5262938
689.4558354
405.155654
836.5305413
1235.276936
1586.679429
994.649193
694.6192056
845.1398745
598.1037881
851.2863204
1170.01856
666.7199652
493.6452352
367.4870553
321.3054136
648.5364731
451.9314573
0
733.3271217
1154.845248
0
612.9257366
480.1694066
575.0807562
1540.822058
1010.866002
721.5987508
669.3308196
1236.057732
1412.931401
1097.898923
1172.881182
1297.069658
760.3365565
1506.754115
1727.608306
690.8792644
715.430222
1137.776049
1054.731443
1819.13995
555.1661914
1106.877376
845.8145011
1207.26924
1575.972481
1421.025312
1296.294181
1849.646062
1316.088712
884.7928877
682.5294981
1000.087868
1275.575852
953.5227668
1373.143307
1601.457739
1162.437495
0
786.1517115
943.4886463
1198.556094
754.1759966
2247.559181
1121.934373
595.5756659
660.8832077
1296.479527
801.312684
730.4511576
630.8102676
991.0634223
857.2735126
1463.92708
1097.947556
678.5686019
1585.141529
1659.50651
1576.480663
708.5358738
1092.929344
1334.613407
1402.041851
1684.519216
2185.639284
1468.803549
1658.712377
787.3005203
965.1086902
1563.045703
1625.018647
1304.707148
1350.253577
1767.522302
1776.053898
1277.974673
1305.982056
1419.438435
1337.213336
1388.747316
2150.816682
1442.129411
1439.11501
726.6617109
1725.814958
1517.558866
1162.441012
1192.990828
666.6742643
1154.713634
420.9124317
1663.530366
1251.503852
859.0299514
1226.286367
994.836788
850.6010547
1602.757419
1079.476902
1766.784261
0
593.9800285
930.6457989
2396.76396
1168.651696
2164.877951
1896.643228
1263.089191
2666.950936
1711.59696
2388.425346
1729.497412
1980.259556
1186.206358
2576.089647
1795.955787
893.0375354
2237.303883
1593.371536
1366.331765
1496.3288
1343.339944
2132.37009
1669.434065
2570.321473
0
1867.739001
934.7745747
1438.538078
1984.856621
1809.951208
2474.989043
838.8159156
1578.50018
1748.612258
741.2458216
1799.182175
1294.092367
1762.015298
1334.478194
1474.373463
1814.893679
1055.716907
1496.486457
635.0932428
2333.126417
1445.87225
2432.642105
1220.552753
1752.253731
3427.837233
2303.852567
0
1515.560698
2368.397774
2736.850961
2096.581366
1938.743623
1881.650537
1974.213957
1656.09296
2550.429741
1662.792367
1714.233011
1519.976224
1404.51336
1111.094426
1835.66207
2102.322781
1468.883641
1580.878753
1509.820506
1968.229415
1846.491884
1118.991529
2584.384714
1859.002892
758.729014
2591.835752
1933.102798
1922.80443
2230.82751
2506.530136
1257.832432
1061.550471
2068.958398
1475.828276
885.2290362
1696.08182
998.2149409
2021.703288
360.5788239
1931.596454
1022.105317
1078.439151
1263.12066
1234.48308
2313.297656
2165.155644
4048.459396
1880.469245
2491.750805
855.062907
1076.52126
2417.336262
1083.06657
1793.338136
1607.816297
1851.187805
0
1820.875484
2220.936688
1624.979036
3453.913839
1906.734678
3003.216681
1306.313749
1271.78413
1760.533573
2348.54332
1535.460398
1847.62924
2435.98444
1985.835301
681.6393781
1250.91728
1903.513494
4816.340594
1035.815378
745.7870561
963.3572212
1909.496596
2818.034175
2856.895863
3540.332254
1896.871007
3171.068125
0
0
1545.271204
2717.173289
1966.947577
1841.712639
2273.685741
2657.232679
2284.158529
1819.12622
4857.905052
1964.731038
1403.591503
2873.149254
2033.317857
1500.623829
2982.740858
1863.839876
1810.971261
2917.801608
3143.868144
2261.850494
3418.086514
2668.871993
3681.697911
4815.67209
3306.308765
1623.846545
1825.577005
2468.697962
1786.264871
1345.686352
951.5640199
538.8299752
51.39297483
1913.989565
3000.929966
2383.894806
991.4844372
1655.554462
1021.290765
434.7038546
123.9620705
277.1656653
365.277379
514.9990805
432.1846135
0
193.6019554
293.3700263
478.991516
1710.374663
1002.211865
431.1940446
170.5294675
137.4380673
0
0
261.2760029
405.1662814
1245.508284
537.5487319
611.5952274
383.5802101
0
350.5278808
0
0
0
0
665.3663422
388.1877186
315.1891336
710.6316244
0
362.8904993
204.0301377
1060.247393
901.5316987
745.9663183
775.6837343
0
962.9576654
773.9064495
0
285.6494155
0
539.9033875
0
557.1829658
675.6542121
247.6438689
207.002945
0
0
989.5249684
731.8326251
0
795.3684804
0
0
1079.745203
0
0
58.69346867
811.4719476
0
1053.270485
1568.490569
687.2027572
1222.401165
0
0
752.8727494
0
1388.698801
0
0
0
0
1008.254664
1360.488275
0
0
920.7688127
974.4773025
1617.942669
1488.695187
0
550.7159294
0
0
0
0
1177.863056
0
1045.677664
0
2153.414234
1220.855819
0
0
0
1176.598757
1551.210897
0
0
0
0
123.585547
0
0
0
1709.713636
928.9937301
3304.826398
1126.163707
1223.521685
255.360571
0
1836.40738
0
1878.051284
908.5158513
1126.785538
1392.149465
1322.398159
0
1811.528977
2032.895802
1193.024627
1787.312167
2146.866995
0
1616.135028
2293.220591
1124.756982
0
0
0
0
0
0
0
1438.830194
0
0
3104.066916
92.86165873
99.94847602
0
0
1476.229585
0
0
1459.908647
2182.146831
2116.134376
0
32.17104926
2265.984255
1729.952545
0
0
20.62392868
448.3660594
22.25229004
0
0
0
0
0
0
0
985.4675283
0
0
1132.558045
0
71.72635103
440.2902074
318.4087679
172.4477201
337.6360636
3845.792254
4250.622183
2726.877832
2061.957503
0
0
563.0778237
0
0
1641.48011
1727.763
2599.776275
973.2681843
2394.491025
1181.039849
680.8138563
1013.260151
462.2350492
726.1936095
252.1574594
495.656276
50.39309231
261.7520833
317.0142654
0
58.57026017
0
-10.08167627
334.2151639
277.3395323
555.4820537
525.0785661
418.5421949
699.3091847
146.3035149
430.9928164
352.1317899
656.141012
699.1615741
198.7999933
432.3522699
271.1856403
410.9868264
57.0794215
53.61172362
0
0
0
46.09170861
127.6133991
0
330.5667829
219.5893764
213.8102968
94.56721436
4.156335886
175.4844153
71.57755811
0
440.0793345
0
229.0424676
21.0971871
192.5696855
56.04692336
0
58.5872795
0
0
0
0
0
0
0
0
0
372.6380002
0
0
0
0
705.5886039
0
0
0
438.851126
0
0
0
0
0
0
0
0
1057.888101
0
0
0
1179.692363
0
0
0
542.2980872
0
0
0
308.0077728
0
0
0
0
8.90916523
0
359.2222293
0
0
0
0
0
0
0
0
0
0
0
0
0
0
0
872.7821544
0
0
0
0
0
0
0
0
0
0
196.7844765
34.67416921
0
0
0
0
0
0
0
671.6115797
0
0
0
0
0
0
892.9016253
0
0
0
0
0
0
0
0
0
0
0
0
0
0
0
0
378.3591527
0
0
0
0
0
0
0
0
0
0
0
0
0
0
0
0
758.9796974
842.1461091
1490.571089
0
0
0
0
0
0
0
0
0
0
0
0
0
71.96602955
772.8857232
0
0
0
0
0
40.96200575
0
0
0
0
0
0
0
0
0
0
0
0
0
1578.568738
1349.779314
0
0
0
0
0
0
0
0
0
0
0
0
0
0
0
0
540.4758797
0
34.75272545
147.3259069
0
0
0
0
0
0
0
0
0
0
0
0
0
1431.698086
0
0
0
0
0
0
0
0
16.45039091
0
0
0
0
0
0
1524.486349
1899.476648
812.4877404
1551.673528
0
0
0
0
0
0
0
0
534.3583523
707.1326054
541.4893347
325.6708525
151.9625104
0
0
0
0
0
0
0
0
0
0
424.2509234
0
0
0
0
0
0
0
0
0
0
0
0
0
0
0
0
483.1958535
0
0
1472.451336
1326.235771
0
0
0
0
0
0
0
0
0
0
0
0
916.1357501
977.3229833
0
0
0
0
0
0
0
0
0
0
0
0
0
0
1623.966752
0
0
0
0
0
0
0
0
0
0
0
0
0
1346.517941
933.1186357
0
0
0
1128.643475
0
0
0
0
0
1933.6248
0
0
0
0
0
725.1936235
511.4679688
1394.183793
805.428925
20.26953597
11.65376185
0
0
0
0
0
0
0
0
0
0
0
0
0
0
0
0
0
0
0
0
0
0
0
0
0
1227.794786
0
0
0
0
0
0
0
0
0
2342.361405
0
0
0
0
0
0
74.96918336
0
10.80511892
0
0
0
297.64409
2843.663302
-5.699762358
221.6143185
29.20533265
0
307.0438658
0
0
0
0
0
114.8264022
14.69998351
0
0
0
0
0
0
0
0
0
0
0
0
1393.899643
0
0
0
1337.352977
0
0
0
0
0
0
0
0
0
0
0
0
0
1700.385794
64.58067195
0
0
0
0
0
0
0
1945.128015
1148.555472
105.2008501
0
0
0
55.12784043
0
0
0
0
0
0
1358.409682
1230.186831
227.3592921
414.1056102
12.78338874
23.75995282
0
0
0
0
0
0
0
0
0
0
0
0
0
0
0
0
0
0
0
0
0
0
0
0
0
0
0
-3.730453991
34.36824816
33.90998441
0
2502.351351
2049.028047
0
0
-3.061709475
0
0
0
0
208.2782841
0
0
228.3096217
160.4873504
0
0
178.3864584
49.31623654
90.47823672
0
239.9983407
0
0
0
0
0
0
0
0
0
0
0
0
0
0
0
0
1928.939914
0
0
0
0
0
0
0
668.5674823
0
0
0
0
3312.14018
1020.757858
0
10.65681497
0
95.65988711
0
0
0
59.67040337
0
506.1557444
191.4440418
571.941964
448.1657589
73.43001735
118.0856804
0
172.2337188
111.5407669
0
21.96438237
334.7846738
0
0
176.7013521
195.9810379
102.4803478
94.55353655
0
0
0
6.860306301
327.6690865
17.13547811
45.95922169
0
0
0
0
0
0
0
0
0
1742.730249
0
0
0
0
0
0
2970.102488
2633.326016
51.67767554
0
0
0
0
0
1874.445994
985.4201722
369.2792338
0
0
0
120.3172954
0
0
1044.492555
155.2732278
15.48646062
390.3859633
326.5330009
160.871072
360.0333507
-8.785594599
97.0522996
0
0
119.8431032
0
86.1828902
60.53398012
133.97015
124.3640525
0
0
0
0
0
9.218751274
159.016001
0
336.3433864
98.02703448
390.3899523
0
0
0
0
0
0
0
0
0
0
0
0
0
0
0
1541.572376
457.4686771
0
0
0
0
0
1316.837223
218.7702428
504.3567433
-28.30906588
230.8766153
199.0778002
433.8455662
337.4064064
325.7416662
67.12477292
258.3889676
0
0
109.6499748
0
0
0
0
0
0
0
0
0
778.3861112
26.12419938
125.1650545
265.2019487
834.1095039
146.983322
265.5837331
0
12.33716406
91.50693595
265.2814446
420.5127829
0
281.3505698
212.9988225
0
22.78542683
34.03308624
0
164.839776
0
35.54694117
84.27001571
0
14.61831484
0
0
0
249.9058807
1334.473604
438.0653886
98.30168208
1192.690466
1122.175477
62.19913939
646.5827141
0
0
0
982.1509931
637.9112179
1046.415525
637.0428317
426.1752856
142.4334575
334.287278
417.4348892
0
0
0
370.280926
751.48021
504.5266377
88.74176612
0
727.4411905
107.5818723
1157.543647
0
0
0
942.0058335
192.7420876
1106.667079
609.5651915
414.3980132
813.3463411
223.8231507
278.4193202
795.9756969
579.2833697
466.0458743
783.4364184
0
0
0
0
0
1085.970652
973.1901412
182.4449291
354.3849291
625.863477
421.7235312
0
512.1398306
333.3959481
74.82871539
162.4002439
335.1454015
242.1144047
432.8693914
320.6454166
57.32733016
139.7715897
144.0913407
272.1014826
307.4758736
194.3156414
11.15962902
0
126.2713803
0
0
0
51.40006633
0
112.2082917
335.7017755
48.58773783
101.2023004
128.5961386
496.5420018
401.9253802
295.4731605
-2.564396422
237.5931809
116.249012
171.7990358
0
243.9136485
185.5023406
0
0
128.8166044
21.36346316
71.64175334
125.4684764
0
0
0
0
526.6811282
307.4486866
955.1522065
447.4524224
668.7642922
30.57366846
105.2413471
542.3088749
1770.408972
267.5096385
479.7172325
180.214346
76.41163315
0
0
0
0
596.2929368
415.1495605
816.2927798
623.8733984
163.9839931
658.0640591
595.2939099
131.6951223
380.2759313
336.2330051
406.4956365
300.3378048
0
0
0
281.5561254
401.4611586
0
1041.196621
0
491.0319668
440.2670354
177.163969
288.0939717
481.6274061
608.7640148
176.9054465
97.02412812
0
0
0
200.9398947
0
211.2036178
280.9184611
681.0732095
0
160.0303575
506.7461681
324.7106021
446.8702487
6.005340489
280.1484919
374.1959775
225.4328132
33.87407727
80.13288662
0
50.84620115
177.720744
23.67410859
333.1740181
229.827906
0
90.78915416
176.7854677
160.9388447
0
0
0
0
0
0
4.812674278
409.6121023
0
215.8076929
124.3792822
0
188.189293
0
0
0
30.2920414
0
476.6261719
872.8108572
743.6867326
295.3132147
368.7385127
125.8978618
606.241888
325.2234135
49.3938899
97.25155283
0
0
249.873
83.69390712
389.7047554
456.6152732
321.9576551
557.8919462
26.79770134
294.6386435
218.5549376
122.6365814
310.4688742
0
468.8770405
1103.030126
281.2354237
-3.841183045
0
0
0
0
0
0
0
495.0313571
0
329.1840091
279.3947525
78.20526376
242.5929293
333.6340404
87.41635501
294.5921837
0
0
0
0
0
0
313.6677132
269.3325102
12.2188304
258.9758012
178.6694265
0
0
760.9697873
75.26185558
370.4835076
100.1700746
210.3760465
169.8008816
0
0
0
0
106.190775
612.2217771
0
326.8422869
0
137.7740548
)
;
    }
    spline
    {
        type            calculated;
        value           uniform 0;
    }
}


// ************************************************************************* //
