/*--------------------------------*- C++ -*----------------------------------*\
| =========                 |                                                 |
| \\      /  F ield         | OpenFOAM: The Open Source CFD Toolbox           |
|  \\    /   O peration     | Version:  v1706                                 |
|   \\  /    A nd           | Web:      www.OpenFOAM.com                      |
|    \\/     M anipulation  |                                                 |
\*---------------------------------------------------------------------------*/
FoamFile
{
    version     2.0;
    format      ascii;
    class       cellSet;
    location    "constant/polyMesh/sets";
    object      protectedCells;
}
// * * * * * * * * * * * * * * * * * * * * * * * * * * * * * * * * * * * * * //


3117
(
0
24577
53250
24578
53251
53253
8199
10
11
28685
4111
53266
40979
32787
53268
53269
21
53270
49174
45078
16406
22
53271
45079
53275
31
32
8228
8229
53287
53288
40
53289
41
32811
53293
47
48
53297
49
45106
41010
4146
50
53299
51
53300
52
53
53302
49206
20534
54
53303
12344
53308
32830
32831
8256
53316
53318
53319
53320
53321
73
53322
74
32843
53324
45132
45133
16461
36942
41039
4180
24661
49238
53335
53336
28760
53337
20569
53338
8282
53339
12379
8283
53341
93
94
16480
32866
32867
24675
24676
45157
45158
53351
41067
53357
53358
53359
53360
53361
113
114
53363
8307
8308
49270
4214
36983
45179
20603
45180
45181
28797
12413
45182
132
133
41094
16519
16520
8328
8329
24714
8330
24715
8331
32908
8332
45197
45198
45199
45200
45201
53394
45202
45203
53396
49301
151
45208
4248
152
45209
45210
53403
45211
8347
45212
20636
8348
53405
45213
8349
45214
12446
8350
53407
45215
41119
8351
8352
28833
8353
8354
53413
8357
8358
8359
8360
8361
169
8362
170
53421
53423
53424
53425
49332
41141
41142
32950
41143
4281
186
187
20668
53437
12478
53439
53440
53442
45252
28868
53445
16582
41160
37064
41161
201
41162
202
41163
41164
53454
53455
53456
8402
49363
41172
41173
41174
214
41175
215
216
20698
4314
12509
53472
224
53473
225
53474
226
53475
227
228
229
28902
230
53479
231
232
45289
233
53483
53485
53488
37104
53489
49394
53494
20727
24825
12539
4347
53502
53504
53505
257
53506
53507
53508
53510
28935
45326
49424
20755
16663
53528
12568
53529
281
53531
4379
33055
53536
53540
28967
41256
53545
53546
53547
53548
20781
53550
49454
305
45363
12596
4410
37183
53569
53573
20805
28998
53576
53577
329
53578
33098
49483
24908
53581
12622
12623
53584
41296
45400
20825
4441
20826
353
29028
12647
49512
20840
12648
53609
8559
53621
53623
4471
41336
20856
376
53626
45437
12669
12670
12671
29056
53636
49540
53637
20871
37260
16781
53646
12686
53647
12687
399
12688
53649
12689
12690
53651
12691
53652
12692
4500
12693
53654
20886
12694
8598
12695
53656
12696
12697
12698
53659
29083
53660
24989
49568
41376
45474
53668
420
20901
421
53673
53674
53675
53679
12719
4529
29108
20916
16820
53687
441
53690
442
53691
49595
53693
8637
53694
12735
20931
45510
53704
41416
53705
53706
53707
29131
53709
4557
461
4558
462
53712
20946
53716
12756
49621
37335
53721
53722
53723
29147
53724
29148
29149
53727
479
480
53730
29156
12772
4584
45546
25068
49646
494
495
496
29169
497
33267
53749
53751
53752
53753
12793
53754
53755
507
53756
37372
508
53757
509
53758
510
16895
511
29184
512
53761
4609
513
4610
514
515
53764
516
517
49670
518
12810
8714
29196
45582
21007
25107
53782
41495
4633
29211
49692
53789
49693
49694
12831
37408
545
16932
29223
53803
53805
4653
21038
4654
4655
49712
8752
4656
49713
45617
4657
53810
49714
53811
49715
29238
53819
572
53821
41534
4671
4672
49729
4673
49730
29250
4674
49731
29251
4675
49732
4676
49733
4677
49734
4678
49735
4679
53832
16968
53834
4682
4683
49740
4684
49741
4685
53838
49742
21070
4686
49743
21071
4687
49744
4688
49745
4689
49746
49747
49748
45652
53846
8790
599
53848
53849
53850
53852
53853
29278
25182
21089
41573
37477
53862
53863
53864
12906
33391
21105
625
49778
4725
45687
53880
53881
53883
53884
29308
8828
29309
25219
53894
53895
37511
53897
53898
651
53900
17037
53903
49808
12944
53907
21139
53912
53913
45721
4761
53914
53915
53917
53920
29344
29345
8865
29346
12962
29347
29348
677
25255
37544
53932
53933
49838
53935
17071
53936
53937
53938
41650
53939
53940
53941
53942
53943
21176
12984
53946
45755
53948
53949
4797
703
53952
33472
8902
37576
25290
13003
49868
17104
53969
53972
53973
53974
53975
728
53978
45788
53981
53985
4833
29413
37607
49898
8938
25324
17136
753
54006
54007
21239
54009
45821
41725
54019
54020
37636
4869
54023
49928
54025
777
25357
8974
33551
17167
54042
54043
54045
45853
54048
37664
800
41762
54051
54052
54053
49957
54054
54056
54057
4905
54059
17196
54061
25389
54064
54065
9009
54067
54068
54070
822
823
54075
37691
54076
45884
54077
54078
54081
49986
13124
41799
17224
21322
843
54092
25420
844
54093
4941
845
54094
54095
54096
54098
37716
9044
54101
45914
33628
862
50015
863
54113
17250
54115
54118
54119
54120
54121
54122
37738
25450
54123
37739
54124
54125
877
54126
878
54127
879
54128
4976
880
54129
881
54130
54131
54132
54133
9078
45943
54136
889
54138
890
54139
50043
37755
17275
891
37756
892
37757
893
54142
37758
894
37759
895
37760
896
37761
897
37762
33666
898
37763
899
37764
37765
37766
25478
54156
41870
29582
17296
17297
17298
54163
45971
5011
54164
50071
9111
54169
54170
21403
54175
17312
928
25505
17313
17314
17315
17316
17317
54182
17318
17319
17320
54189
45998
37808
41905
50098
5046
9144
25530
13242
957
46024
54217
46025
54218
33739
50125
25553
9176
5080
54233
985
54234
37850
46049
29665
46050
25570
25571
50151
54249
54250
21482
25580
33775
41972
1013
46071
9207
46072
54265
46073
54266
46074
5114
54267
54270
50176
37892
13319
46089
54282
46090
54283
46091
54284
46092
54285
46093
46094
54287
46095
1041
54290
33810
46101
42005
9237
46102
46103
50200
46104
54297
46105
54298
46106
54299
46107
54300
46108
5148
54301
46109
46110
54303
54314
1069
50222
25646
54319
50223
54320
50224
54321
29746
9266
54324
33844
54325
42037
21559
54328
54329
54330
17466
54331
17467
54332
54333
5181
54334
54335
54336
54337
54338
46146
54339
50243
54340
50244
54341
50245
54342
54344
1097
54346
54347
17483
9293
54350
54353
13394
50260
42068
50261
33877
50262
50263
50264
54364
17500
21597
5214
50273
50274
54371
50275
50276
25700
1124
50277
50278
46182
50279
9319
50280
50281
54378
50282
50283
50284
17517
54385
42098
42099
25716
33909
13431
54392
5246
54399
17535
9343
1151
9344
29825
25729
25730
54406
50313
46218
54413
42127
33940
9364
9365
9366
9367
1177
5277
17569
54434
54435
54436
54437
9381
50342
21670
9382
54439
9383
9384
38057
9385
42154
9386
42155
9387
9388
9389
46254
9390
9391
9392
9393
33970
9394
1203
54452
54453
54454
54455
54457
5308
13502
50370
42180
54470
54472
21706
54475
54476
1228
54477
33998
29902
54479
46290
38098
5338
54491
42204
42205
25821
54494
50398
25822
54495
54496
54497
13537
1252
54505
34025
17641
21741
54512
42224
54513
42225
42226
29940
25844
54518
46326
5367
50426
54523
54524
1276
17661
1277
42238
54527
42239
54528
42240
54529
42241
54530
42242
34050
25858
54531
42243
25859
13571
9475
54532
42244
25860
42245
54534
42246
42247
42248
21775
17680
1298
5395
1299
50454
54551
34073
46362
54559
54564
13604
54565
1317
1318
1319
1320
54570
34090
54571
34091
9515
34092
54573
5422
5423
54576
42288
21808
54577
50482
54580
34100
54581
34101
34102
1335
54584
1336
54585
1337
54586
54587
54588
54589
46397
30013
54590
54591
54592
54595
1347
54596
13636
1348
54597
1349
54598
1350
1351
5448
1352
54601
1353
1354
38219
1355
54604
1356
50509
1357
1358
1359
21840
9555
46432
5472
34145
30049
5473
13667
50536
54636
1389
21871
54643
5493
5494
17783
5495
5496
5497
54650
9595
54657
13697
50562
46467
30084
5512
5513
5514
5515
1419
34188
21900
5516
5517
5523
5524
5525
5526
5527
5528
5529
5530
26011
5531
50588
5532
54685
5533
13726
9635
46501
54694
30118
54696
21928
54697
1449
54698
54700
50613
34231
13753
54720
38337
54722
21954
5570
46535
30151
1479
17864
54732
50637
42445
54735
54736
54737
54739
13779
21979
34274
50661
1509
50662
30183
5607
46569
13803
13804
26094
54767
22000
22001
9714
42484
54777
50683
54780
50684
54781
54782
13823
54784
22016
13824
22017
13825
22018
13826
22019
1539
22020
22021
30214
22022
46602
5644
13837
50702
38414
13838
50703
50704
50705
17943
9753
42523
54812
50720
1568
54817
50721
50722
13858
30243
54823
54826
46635
54828
50732
54829
50733
54830
50734
54831
50735
54832
50736
50737
5681
54834
50738
50739
50740
50741
50742
50743
50744
1597
30271
26175
9792
13893
54854
46667
54861
50771
54868
54869
5718
38489
30297
54874
1626
54875
54880
54881
54882
54883
18020
54886
54887
54888
42600
13928
13929
46698
54891
54892
54893
22125
54894
50798
54897
54898
30322
54899
54900
1654
54903
54904
54905
54906
5755
22140
38526
54911
54912
30343
30344
50825
46729
18058
9869
42638
26254
1682
30359
30360
30361
30362
30363
30364
30365
13981
30366
54943
5792
50851
46759
22184
30380
30381
1709
54964
42676
34485
26293
54966
50877
54976
14017
54979
54980
46788
5828
54981
38597
22214
54983
22215
1736
30411
18131
14037
14038
50903
9944
42714
46816
55010
1762
22247
14055
38632
5864
30441
30442
55019
55021
55022
55023
55025
50929
18167
46843
1787
46844
9981
42751
26368
55045
30473
50954
38666
30474
5900
55053
1811
46869
55062
55063
55066
18202
55067
22299
55068
55069
55070
55072
14113
14114
10018
50979
42788
26405
1833
1834
38699
30507
22315
1835
30508
46893
46894
5935
34609
55092
51003
55100
18236
1854
1855
1856
55105
55106
46914
46915
46916
46917
46918
55111
55112
42824
26441
14153
55114
38731
55117
55118
55119
22351
1871
55120
1872
1873
51026
5970
1874
55123
1875
55124
55125
46933
46934
46935
46936
46937
46938
14172
1884
18269
1885
1886
1887
46944
1888
46945
1889
46946
1890
46947
1891
46948
1892
46949
1893
46950
1894
46951
1895
51048
46952
51049
46953
10089
46954
38762
42860
26476
55157
6005
51069
18301
51070
51071
34690
55171
14213
1927
38792
10124
46989
26510
42895
51088
22416
51089
55191
6039
18332
55198
51103
51104
51105
51106
51107
38821
1959
55208
51115
51116
51117
51118
51119
26543
51120
47024
51121
51122
42930
51123
51124
51125
6073
18362
55228
30654
38848
55235
1991
51149
26575
10191
47059
42964
18390
14294
38874
6106
51173
2023
55273
26606
55280
10224
18417
38898
38899
42997
47094
34808
6139
51197
14334
55302
38918
2054
38919
38920
38921
18442
26636
22540
55309
10256
38932
51221
38933
43030
47129
6171
34847
18465
2085
26664
51245
10287
18482
18483
18484
43062
6202
47164
18492
30781
18493
26691
51268
2116
14413
10317
10318
43093
6232
51291
26716
22621
47199
2147
34922
10346
18540
51312
51313
43123
26739
6261
47233
2177
26756
51333
26757
10373
51334
10374
26766
34959
43152
6289
51353
51354
14490
26779
10399
2207
47267
51371
43179
51372
22700
6316
34995
10423
10424
30905
51386
39098
51387
51388
2236
51389
47301
43205
6342
51399
6343
51400
51401
18633
51402
51403
10443
51404
10444
51405
10445
51406
51407
51408
51409
51410
22739
10457
2265
10458
10459
10460
43229
10461
43230
10462
10463
6367
10464
6368
10465
10466
39139
10467
51429
14565
51430
47334
18665
43250
43251
43252
43253
6389
2293
6390
6391
35064
26872
6392
51449
51450
43267
43268
43269
43270
47367
43271
6407
43272
6408
43273
6409
43274
30986
14602
6410
43275
18699
6411
43276
39180
10508
6412
51469
43277
6413
51470
43278
43279
43280
43281
2321
6419
6420
6421
6422
6423
6424
6425
35098
6426
6427
18716
6428
22814
51488
51489
47400
2348
18733
14638
51507
51508
10549
43320
35131
6466
22851
51525
51526
2374
47432
18767
51542
51543
31065
35163
26971
10590
43359
2399
51557
51558
47463
22887
6504
51570
51571
18803
14707
51572
18804
2423
35194
51580
51581
51582
27006
51583
27007
51584
27008
51585
27009
51586
51587
51588
51589
39301
47494
43398
22922
2445
6542
2446
51599
2447
51600
14741
35223
27033
51610
18842
51611
2465
2466
2467
51620
47524
2468
51621
31142
22956
51629
43437
39341
51630
18863
2482
35251
2483
51636
6580
2484
51637
2485
51638
14774
2486
51639
2487
51640
2488
51641
51642
2493
2494
2495
2496
47553
2497
2498
2499
2500
2501
51654
51656
31180
35277
22989
51663
51664
51669
14806
51671
6618
51678
47582
51679
51684
35302
2534
51690
23021
51694
51695
31217
14837
47610
43514
51707
47611
35323
39420
35324
51709
35325
10751
51713
18946
2567
35339
35340
23052
35341
35342
35343
35344
35345
35346
14866
35347
47637
51735
27160
51737
51738
51740
43552
39459
6693
10791
51752
2600
51754
23082
51755
51757
47662
14894
47663
31288
51769
51775
51776
51777
47686
43590
23110
14921
2633
6730
51795
51796
51797
51800
47706
47707
31323
47708
47709
47710
23137
14946
2666
51820
47724
47725
51822
47726
47727
6767
51824
47728
39536
51825
47729
47730
47731
47732
51830
47735
47736
14968
47737
14969
47738
23162
47739
19067
51836
47740
47741
31357
51838
47742
51845
14985
14986
14987
2699
14988
14989
14990
14991
51856
14992
51857
43665
23185
14993
14994
14995
27284
6804
51864
51866
51867
51869
10909
31390
51871
47776
23201
23202
23203
51882
23210
2731
51884
51885
51886
51891
43702
6840
23225
39611
31422
51903
51904
51905
47810
19146
2763
51916
51918
51919
51920
51921
31452
6876
51933
51935
51936
39648
51938
47844
27365
10986
2795
51950
51953
19185
51954
51955
51959
31481
51967
43775
6912
51969
51970
51971
51972
51974
47878
15113
15114
2826
51980
51983
11024
51986
51987
31509
51990
51995
23323
52001
52003
6947
52004
39719
47912
23337
2857
15148
52013
52015
31535
52016
27444
52025
35642
52027
52028
19260
52033
43846
6982
52039
31559
23367
2887
52041
52042
47946
39754
52044
52059
31579
27483
11099
31580
52062
52063
52064
52065
19297
52067
35684
23397
2917
7016
31594
47980
39788
52079
52081
52082
15219
52087
52093
31613
52096
11136
52098
2946
52099
52100
19333
15237
52102
7050
43915
48013
39821
52113
52115
52116
52120
15257
2975
52128
31648
31649
52131
23460
23461
52134
27558
52135
52136
19368
15275
7083
52140
52141
43949
39853
48046
52147
52153
23481
3003
52157
52159
15295
52160
52161
52162
52164
31685
31686
11207
23496
19402
27595
7115
52172
39884
52174
43982
52175
48079
52176
52179
3030
52188
52191
52192
35808
52193
52202
39914
11242
7146
31723
19435
52204
31724
23532
52205
31725
23533
44014
48111
27631
3056
52209
52217
52219
52221
52222
52223
52231
39943
52233
7177
3081
52234
52235
19467
11276
52237
44046
48143
52240
27666
52245
52247
52248
52249
52250
3105
15394
3106
39971
52262
7207
52265
19498
52267
52268
44077
48174
23599
52272
27700
3126
52279
3127
3128
52281
3129
52282
52283
52284
39997
52286
39998
52287
7236
52293
7237
52296
19528
3145
3146
52299
44107
3147
52300
3148
52301
48205
11341
3149
52302
52305
52306
27733
40022
40023
3159
3160
35929
3161
3162
52315
3163
3164
52317
3165
52318
3166
52319
3167
7264
3168
3169
3170
3171
19557
52327
44136
52329
44137
52330
52331
48235
52332
40044
40045
11373
40046
52340
27765
52342
52343
52344
7290
52347
7291
40061
40062
40063
31871
40064
19584
40065
40066
40067
52356
44164
40068
40069
3205
40070
52359
40071
52360
48264
40072
52361
40073
52363
11404
52371
7315
27796
7316
52373
52374
52378
19610
15515
44190
44191
52386
48293
52390
52391
3239
52392
36008
11433
7337
52394
7338
23723
7339
52396
7340
52399
52400
52401
52402
40114
27826
19634
52403
52407
44215
44216
7355
7356
7357
7358
52415
7359
7360
52417
48321
7361
52419
52421
19653
11461
19654
7366
7367
52424
7368
7369
3273
52426
7370
7371
44236
7372
52429
44237
7373
52430
44238
27854
52431
44239
52432
44240
52433
19666
52435
19667
52436
52442
40155
52444
48348
52445
52446
52447
44255
44256
11488
52449
44257
52450
44258
44259
52452
44260
44261
44262
52455
52457
44265
27881
44266
15594
44267
3307
52460
44268
44269
44270
52465
52468
7412
36085
52470
48374
52471
48375
52472
11513
52476
23804
52478
52480
52482
27906
52483
52484
40196
52492
3341
52494
52495
48399
11535
52496
11536
52497
11537
44308
52505
27929
52507
36123
7451
52508
52509
19741
52512
11554
11555
11556
48421
11557
48422
11558
48423
32040
27946
27947
52525
11566
52527
11567
3375
52528
11568
11569
27955
52532
15671
48441
48442
44346
48443
19771
52540
48444
48445
52544
52545
7490
52547
48458
48459
23883
52556
48460
48461
52558
48462
52559
48463
52560
48464
52561
48465
3409
52562
48466
48467
48468
48469
52566
48470
48471
48472
19802
15709
52574
52576
44384
52577
52579
36196
52582
52584
7529
52586
52587
52588
52589
52591
52592
23922
3442
28020
52598
52600
52601
48505
52602
52603
32123
52604
52606
52609
52612
52613
52614
44422
52615
52616
36232
52620
3475
11668
48538
19866
28060
52638
52640
52641
52642
40357
15782
52647
28072
52649
52650
52651
36267
44460
52656
52658
52660
3508
52661
52662
7606
48571
19899
11707
23997
52670
52675
52676
28100
52678
15818
11724
40397
36301
19917
52690
52692
3540
52693
52695
52698
48604
7644
19934
52704
28129
24034
11746
11747
52708
52709
52710
52712
15853
36334
52720
52722
52723
52724
32244
11764
3572
52725
52726
44535
52730
48637
19969
52738
19970
7682
28163
52740
28164
52741
28165
28166
24070
52743
28167
28168
28169
52746
11787
52749
52750
36366
52751
15887
52752
52753
52755
3603
52762
52764
44572
52765
11805
52766
48670
52767
52771
52776
52777
24105
52778
52779
52781
36397
52782
15920
3634
52794
20028
48702
44609
40515
32323
52805
52807
36427
28235
24139
7757
15952
3664
52821
52823
48734
52834
52836
44646
36456
52841
32362
24172
3693
52847
15983
52849
52850
7794
52851
48766
52863
52866
36483
52868
52870
52871
52874
44682
3722
52875
52876
24204
52877
16013
52878
40592
52886
11926
52889
52891
52892
52893
48797
36509
52897
3750
52905
16042
24235
52908
52909
44718
52911
52913
52917
36533
32437
40630
52919
20151
52920
52921
52922
52923
7867
48828
11966
52927
3777
16069
52935
36552
52937
36553
24265
52938
36554
28362
52939
52941
52946
44754
36564
36565
52950
52952
52953
52954
48858
32474
52955
3803
52956
3804
52957
16095
52960
52964
24293
52967
52970
52973
3828
44789
16119
48888
52988
52990
32510
52991
52992
24320
52993
40705
7938
20232
16138
3850
16139
3851
16140
3852
53005
12045
53007
53008
53011
48917
16150
16151
44824
16152
24345
3870
3871
53024
3872
32545
3873
53026
3874
53027
53029
40742
3887
53040
24368
3888
3889
48946
3890
3891
53044
12084
3892
3893
3894
3895
3896
53049
16185
3897
53050
44858
3898
53051
3899
53052
3900
3901
53054
53056
24385
53058
24386
53059
32579
53061
53062
28486
8007
53066
24394
48974
53074
53076
53077
53078
53079
20311
24408
16218
53083
44892
3936
32612
53095
53096
53097
49001
8041
53098
40813
53102
53106
24435
53109
53111
53112
53113
16251
44925
53118
36734
12161
49027
3971
32644
53126
53130
8074
53131
53132
53133
24462
53135
40848
28567
53145
53148
49052
16284
44957
53150
53151
53152
53154
32675
20388
4006
36776
8106
53164
16302
40882
53171
49076
49077
53174
44988
32705
53193
49097
4041
53194
49098
20426
8138
49099
49100
12236
16336
36818
24534
53210
53211
45019
53212
49116
49117
49118
32734
49119
49120
24548
53221
53222
28646
53225
8169
49130
49131
49132
4076
49133
49134
49135
20463
49136
49137
12273
53234
49138
49139
40947
16371
53236
49140
53237
49141
49142
45049
32761
53243
53245
)


// ************************************************************************* //
