/*--------------------------------*- C++ -*----------------------------------*\
| =========                 |                                                 |
| \\      /  F ield         | OpenFOAM: The Open Source CFD Toolbox           |
|  \\    /   O peration     | Version:  v1706                                 |
|   \\  /    A nd           | Web:      www.OpenFOAM.com                      |
|    \\/     M anipulation  |                                                 |
\*---------------------------------------------------------------------------*/
FoamFile
{
    version     2.0;
    format      ascii;
    class       volVectorField;
    location    "0.4543";
    object      fD_mixture;
}
// * * * * * * * * * * * * * * * * * * * * * * * * * * * * * * * * * * * * * //

dimensions      [1 -1 -2 0 0 0 0];


internalField   uniform (0 0 0);

boundaryField
{
    symmetry
    {
        type            symmetry;
    }
    inlet
    {
        type            calculated;
        value           uniform (0 0 0);
    }
    orion
    {
        type            calculated;
        value           nonuniform List<vector> 
1990
(
(1.29573139 0.1305529285 0.4723614038)
(0.03720356184 -0.002037645377 0.03025968036)
(1.406415639 0.08921780291 0.6961255215)
(0.09056222134 0.06119938583 0.1563779313)
(0.2915098403 -0.1590056085 0.2195036934)
(0.09489829273 0.04791239657 0.155221089)
(0.6833326713 -0.07381008479 0.5208290097)
(0 0 0)
(1.38791028 -0.08831853817 0.8563350501)
(0 0 0)
(0.9434313317 -0.177658109 0.5652728237)
(0.8959125254 -0.1180800148 0.738693897)
(0 0 0)
(0.9917954192 -0.05454672494 0.6245324794)
(1.236694435 -0.09261395199 0.6502301973)
(0.0007839048124 -0.007658320795 0.0245414391)
(0.9175554868 -0.08449441279 0.3489869565)
(0.09695091428 -0.05793895564 0.1186926496)
(1.8505386 0.2019006134 0.8687351999)
(-0.009997242595 0.003341574642 0.007217606568)
(0 0 0)
(1.529948927 -0.21775953 0.9136357369)
(0 0 0)
(1.294519215 -0.3917964499 0.9411482354)
(0 0 0)
(1.097530867 -0.2410598274 0.7440560062)
(0 0 0)
(1.362481541 -0.1926796681 0.9080603763)
(1.111517143 0.1249544684 0.5994657657)
(0.2616092596 -0.1618072781 0.2294411262)
(1.595902731 0.1113934604 1.113645957)
(2.014496315 0.01731740963 1.029688294)
(1.852029312 0.02602177603 0.804634943)
(0 0 0)
(1.613848183 0.05538902531 0.7737505596)
(0 0 0)
(1.411634997 -0.2120936672 0.81093903)
(0 0 0)
(1.72819765 -0.3539664547 0.8775283866)
(1.380835256 -0.1260682011 0.6388057285)
(0 0 0)
(1.448848806 -0.08301215687 0.5061382663)
(0.01208489125 -0.01290151372 0.02173569436)
(1.59550224 -0.1085209575 0.8666047231)
(0 0 0)
(1.975422593 -0.199530964 0.9734670491)
(0 0 0)
(2.189472268 -0.2356865297 1.156184443)
(0 0 0)
(2.104574596 -0.4163215756 0.9779991089)
(0 0 0)
(1.670025619 -0.1663963422 1.008292666)
(1.686028348 -0.1100160347 0.8618237899)
(0 0 0)
(0 0 0)
(2.926227246 -0.106902618 1.371914897)
(0 0 0)
(2.193700764 -0.09609991985 0.9433900092)
(0 0 0)
(1.837993685 -0.2298708969 0.982387366)
(1.752187714 -0.1590342483 0.689075969)
(0.7003801826 -0.1401288904 0.4068983789)
(0.03210186151 -0.03802007284 0.04657837899)
(0 0 0)
(0 0 0)
(0 0 0)
(2.1278569 -0.2379134051 1.025732885)
(0 0 0)
(2.415327399 -0.1791548746 0.8614123623)
(0 0 0)
(1.991848991 -0.2157605882 0.7868721314)
(1.271609175 -0.3551144019 0.6268911733)
(2.166245984 -0.3414886148 1.166873002)
(0 0 0)
(0.05570517301 -0.07074545573 -0.0123958691)
(0 0 0)
(0 0 0)
(2.494470213 -0.3353687014 1.16806875)
(2.86294014 -0.1396487462 1.125250471)
(0 0 0)
(2.811365538 -0.4057455758 1.142517388)
(2.245936025 -0.1655060328 0.7421046442)
(2.013183229 -0.2331330676 0.8856416339)
(0 0 0)
(2.413999551 0.1496930061 0.8525491171)
(0.02021250053 -0.03065886141 -0.03944257615)
(1.098705562 -0.3274544583 0.4233170583)
(0.06590550019 -0.1056794577 0.002476885412)
(0 0 0)
(3.283308186 -0.1723176567 1.195178675)
(0 0 0)
(2.901642001 -0.223258125 1.188965665)
(3.379447902 0.04873305555 0.8831260042)
(0 0 0)
(0 0 0)
(2.315300496 -0.3088407557 0.77377156)
(0 0 0)
(2.806582184 -0.2312380914 1.018528049)
(0.03076103985 -0.04087605972 0.01298351021)
(1.200744464 -0.4165204526 0.2449491047)
(0 0 0)
(3.086164189 0.1311663196 1.097016742)
(3.268645855 0.09829373679 1.01078765)
(3.453389614 -0.5124594518 1.043681737)
(3.216789946 -0.1192970919 1.043059247)
(0 0 0)
(3.200100803 -0.3304143386 0.9933422476)
(0 0 0)
(0 0 0)
(2.866817414 -0.3184465844 0.7795948516)
(0 0 0)
(0 0 0)
(2.682777657 -0.5591403094 0.9843340078)
(0 0 0)
(0.01594789486 -0.02040350794 0.001769595913)
(1.408341282 -0.3879940097 0.1196757288)
(0 0 0)
(4.103217084 -0.06300212379 0.9434943061)
(0 0 0)
(3.622695055 0.02039310362 1.485831751)
(0 0 0)
(3.419090509 0.002963773933 1.17051675)
(0 0 0)
(0 0 0)
(3.142453848 -0.2643313044 1.107373778)
(0 0 0)
(0.004939532211 -0.01508597606 0.01175761892)
(0 0 0)
(2.688985181 -0.1693489465 0.9856829921)
(0 0 0)
(0.01623448391 -0.03475495756 -0.002851178405)
(0.7429259913 -0.2972553989 0.1260818895)
(-0.0001306970169 -0.005903993705 -0.01801127502)
(0 0 0)
(0 0 0)
(0 0 0)
(4.183766364 0.1499460965 1.002047215)
(0 0 0)
(3.116752361 -0.4010408209 1.037519652)
(0 0 0)
(0 0 0)
(0 0 0)
(3.241676403 -0.2066763552 0.9751099741)
(0 0 0)
(0.08143297888 -0.05549113437 -0.03655184959)
(2.612046455 -0.693933191 0.05132212229)
(0 0 0)
(5.179372499 0.2291597445 1.335318826)
(4.46421863 -0.08674418699 1.126979004)
(3.649702293 0.1228068847 0.7164008563)
(0 0 0)
(3.6931577 0.1246614326 0.8869544872)
(0 0 0)
(0 0 0)
(4.147245458 -0.2425244396 1.075022028)
(0 0 0)
(3.377904703 0.03130220551 1.12705066)
(0 0 0)
(3.934279388 -0.8821245522 0.5076743741)
(0.08401072032 -0.03801882708 -0.08554755092)
(1.226776129 -0.3979385859 -0.04506150272)
(0.1204639941 -0.0782512306 -0.05018912438)
(0.1428271429 -0.1488466697 -0.07789069606)
(0 0 0)
(4.59829024 -0.3506826372 1.230975692)
(0 0 0)
(3.980680629 -0.1293116552 1.317040029)
(0 0 0)
(3.560645813 0.1740933466 1.096990781)
(0 0 0)
(3.741198114 -0.7897651105 0.2695618317)
(0 0 0)
(0 0 0)
(2.117754883 -0.433143633 -0.3670661769)
(0.1852938574 -0.07471276076 -0.09338478117)
(0.05828510736 -0.03980660913 -0.04033368226)
(5.191837073 -0.316773498 1.047432833)
(0 0 0)
(4.612303972 -0.284810836 0.8878370666)
(4.5891105 0.5069064852 1.136164394)
(4.66024754 -0.4307891798 1.321187333)
(0 0 0)
(3.664322467 -0.608322984 -0.2999938901)
(0.02152929208 -0.02590358682 -0.01369582368)
(0 0 0)
(1.954310435 -0.5405565728 -0.2111818137)
(0.05925204603 -0.03342846961 -0.0232930486)
(0.0978133992 -0.101618707 -0.06804771478)
(0.09808626595 -0.06325762381 -0.06508316911)
(0.06865653803 -0.05173827365 -0.01441465554)
(0 0 0)
(0 0 0)
(0 0 0)
(4.737734675 -0.3051196205 0.2745963309)
(0 0 0)
(3.107991513 -0.4883870669 -0.6560613844)
(0 0 0)
(1.24078333 -0.4172035704 -0.3440562869)
(0.4353458297 -0.1227104339 -0.1666084068)
(0.2438154615 -0.1144415388 -0.1172121897)
(0.2671400764 -0.06109658458 -0.1547115871)
(0.3047123353 -0.06713793052 -0.2111652301)
(0.1973252746 -0.08720795898 -0.1140995844)
(0.278185033 -0.1366004202 -0.0970930692)
(0.0379260855 -0.01512555625 -0.0377587478)
(0.08870564786 -0.04662160422 -0.1375996772)
(0 0 0)
(0 0 0)
(0 0 0)
(3.045838726 -0.1580742701 -0.5550812035)
(0 0 0)
(0 0 0)
(1.246557751 -0.1329863622 -0.4580775202)
(0.9704018515 -0.1642922591 -0.3668707893)
(0.5016917584 -0.09024150791 -0.2740661996)
(0.02148674011 -0.04978656249 0.01673883367)
(0.3894670822 -0.1382811355 -0.1384158506)
(0.5657110458 -0.1162495004 -0.3384828958)
(0.5312025233 -0.1910870118 -0.1292344404)
(0.2274263959 -0.1204045259 -0.1206865377)
(0.02918593436 -0.02550934621 -0.03307287359)
(0.1079547787 -0.03456069593 -0.07950957855)
(0.2307960406 -0.08825834533 -0.1285414481)
(1.126852087 -0.2394350021 -0.3833599891)
(0.4953420549 -0.04632229709 -0.266853865)
(0 0 0)
(0.6628067492 -0.08410962132 -0.5530387735)
(1.099166361 -0.0345641419 -0.3596923543)
(0 0 0)
(0.8044919769 0.01870945276 -0.1655646146)
(1.467150495 -0.06936819015 -0.599899555)
(0.4668795393 -0.02019612305 -0.3371953549)
(0 0 0)
(1.216530591 -0.2869574754 -0.3859820942)
(0.5234458928 -0.08400243221 -0.2716781241)
(0.806996766 -0.07236184608 -0.3374352662)
(0 0 0)
(0.7326861183 -0.1140267214 -0.4821859675)
(0.4417112917 -0.1890118054 -0.2745377074)
(0.6692233711 -0.1187971966 -0.2521727331)
(0 0 0)
(0.4102649138 -0.106119897 -0.2341853599)
(0.3169475641 -0.0684656558 -0.2430316944)
(0.1570731535 -0.09549437205 -0.08301145956)
(0.2016391738 -0.09846303392 -0.05655362963)
(0.4331543013 0.1785568898 -0.3441814147)
(0.4815381286 -0.0750461382 -0.2685788471)
(0 0 0)
(0.7058799946 -0.107330982 -0.4139532892)
(0.5796057873 -0.02044793201 -0.4713066553)
(0.8600965579 -0.08353059938 -0.3624828334)
(0 0 0)
(0.5254898426 -0.090607802 -0.4015862397)
(0.7416945466 -0.1051944847 -0.2418486304)
(0.290886132 -0.06338014519 -0.1402883604)
(0 0 0)
(0.7219237103 -0.2118130022 -0.3252845729)
(0.1773291712 -0.1010830096 -0.1383845501)
(0.3934836486 0.0295437331 -0.2198988201)
(0 0 0)
(0.4577205435 0.03524204054 -0.248836501)
(0.724190359 0.02722851314 -0.4374341131)
(0.6732400624 -0.02230757439 -0.2805097595)
(0 0 0)
(0.6623512919 -0.1104324679 -0.3438238184)
(0.6201249613 -0.1277002278 -0.2731712191)
(0 0 0)
(0.2670455993 -0.08349892577 -0.2072401168)
(0.1341074407 -0.08172061005 -0.03745624618)
(0.1437424589 -0.03700998066 -0.06718845543)
(0 0 0)
(1.395358518 0.02892880171 0.8666253125)
(0.9462481709 -0.3231403517 0.7502540994)
(1.169874633 -0.04039516949 0.7206218824)
(0.4394477087 -0.08912564908 0.2589072865)
(1.448642943 0.158131281 0.9635633887)
(0.5795543517 -0.02637470956 0.4528599077)
(0.04034236517 0.001529211821 0.05068176885)
(0 0 0)
(0.01166388635 0.01455630888 0.03659451652)
(0.9976347287 0.05329655705 0.6696788744)
(1.263882333 -0.1069464151 0.6862679351)
(1.142494226 -0.1566897083 0.7273539433)
(0.5379592232 -0.0998280833 0.4897306635)
(0.8097640046 0.09270721406 0.3574449123)
(0.5144186901 -0.05222234957 0.4474399794)
(0.1506923875 -0.02034862692 0.2190310851)
(0 0 0)
(0 0 0)
(1.096243751 -0.1519042543 0.5636723715)
(1.547433856 0.003491173982 0.7725638521)
(0.4494875356 0.01097908528 0.4799065679)
(0.3757560555 0.004650371305 0.409674543)
(0.9229488045 0.03207509615 0.5029870257)
(1.810163074 -0.03529075513 0.8439641115)
(0.9700051301 0.2341583917 0.4618937555)
(0.3048890827 -0.1043064 0.3472674174)
(0.4767914084 -0.07222786313 0.3675365025)
(0 0 0)
(1.454585991 -0.0188403413 1.074075991)
(0.1141666657 -0.1403743902 0.1585228408)
(0.01158273158 -0.05259738708 0.06673215056)
(1.063613848 0.1156630499 0.6804843346)
(1.062955923 0.05830085269 0.5865055352)
(1.370796627 -0.04504198317 1.052972259)
(1.686830362 0.0874771861 0.9609813986)
(1.124867721 -0.01916464624 0.7526626759)
(1.453740696 -0.1131210631 0.9495285326)
(1.533612892 -0.01282865463 1.454997115)
(0.7760524586 -0.06792397623 0.533936837)
(0.9091624642 0.02894266718 0.705104615)
(1.002309624 -0.1089175257 0.634708511)
(1.180624416 0.06060149992 0.7283831391)
(1.425867139 -0.01020809306 0.8547909128)
(1.808856463 -0.2064446328 1.038654155)
(1.230609209 -0.3074891551 0.9137482578)
(1.751357162 -0.2230809278 0.9025744944)
(0.6432784492 -0.1324616826 0.6303132357)
(0.9157615949 0.06137148985 0.5703412786)
(0 0 0)
(1.339380294 -0.1949448889 0.8317487236)
(1.421803752 -0.3503560525 0.9100553555)
(1.378230234 -0.2505713167 0.9665498744)
(1.497900307 -0.088251813 0.8311442276)
(0.9956635915 -0.1553031162 0.6881273624)
(1.413947216 0.2548137754 0.7196680723)
(1.283365145 -0.4667727876 0.7873647927)
(1.113971225 -0.1205377461 0.6805261788)
(0.9840837842 0.07697870074 0.3872917751)
(1.113439827 0.000792816449 0.572149016)
(0.01958747315 -0.002277823784 0.02686512715)
(1.496310288 0.2240450517 0.7029460938)
(1.387153494 -0.2833173367 0.8586171909)
(0.7033587846 -0.2451108042 0.3917687847)
(1.350826911 0.1625119318 0.5656118277)
(0.3734843938 -0.0527047187 0.297826016)
(0.05354890841 -0.059898769 0.07145048154)
(0.1495757761 0.01334011416 0.2427340676)
(-0.002601962523 -0.001524697148 0.01055345046)
(1.756619599 0.04798398653 0.5202630416)
(1.133829986 -0.008622526222 0.7368090592)
(0.5896819825 -0.232814538 0.2643196791)
(0.2812657611 -0.1457244147 0.2128754057)
(1.698558471 -0.1564503387 0.9644013206)
(1.984596043 -0.05517518876 1.024380984)
(1.175021691 -0.1282641187 0.6830126498)
(1.737527381 -0.1923221086 0.7959334262)
(1.283665838 -0.04823474749 0.6365169001)
(1.998518721 -0.05769771627 1.004985045)
(1.3493881 -0.06614229453 0.5383701147)
(1.296386601 -0.1122375371 0.6864939545)
(1.47164961 -0.08702479349 0.9004207782)
(1.217904589 -0.2190132245 0.77268101)
(0 0 0)
(1.422715144 -0.03649374928 1.197988748)
(1.424178545 -0.1015140697 0.8527622832)
(1.485232898 0.195198889 1.1956966)
(1.173594423 -0.02245020719 0.7496961522)
(1.753196196 -0.002291865194 1.237386711)
(1.222739124 -0.01476983082 0.7988959359)
(1.450609721 -0.008530243386 0.9130292048)
(1.524676553 -0.2021033573 0.8406162901)
(1.450876503 -0.006319728185 0.8978482296)
(1.714144972 -0.3494783961 1.013834426)
(1.16481699 0.04376831555 0.7582637305)
(1.181107687 -0.1655983865 0.6406528481)
(1.439489932 -0.3152965081 0.922600884)
(0.8797117597 -0.2107516323 0.4106750534)
(1.589192868 -0.2569443556 1.074081892)
(1.850252022 -0.1936195923 0.8565887782)
(1.937632171 -0.145791812 0.8795748798)
(1.016286604 -0.1489347047 0.6642862129)
(1.053611655 -0.2241249511 0.6654590878)
(1.207071198 -0.4025623473 0.8666616355)
(1.339547886 -0.2439020719 0.5931231385)
(0.807966575 -0.001190494653 0.8581866413)
(1.30286877 -0.1688922971 0.7124824796)
(1.308537847 -0.08360549889 0.5634875805)
(1.450658734 -0.005078559884 0.8341884634)
(1.842440592 -0.1670721465 0.7911879587)
(0.5349506408 -0.1917446164 0.204494356)
(0.8653003922 -0.1450026744 0.4532601182)
(0.1219743849 -0.02641416682 0.03711395645)
(1.49697304 -0.1153941069 0.7827054744)
(1.214719349 -0.008305958894 0.6558318942)
(2.21926969 0.194889407 0.8833814267)
(1.815173868 -0.1739233094 1.197319681)
(1.568185853 -0.1978105557 0.6692912715)
(2.101054086 0.2214208643 0.9738070392)
(1.929228444 -0.2294564137 1.029009677)
(1.756806383 -0.0222985931 1.023121742)
(1.944104182 0.2347837767 0.8290398712)
(1.74608522 -0.2922452863 0.995958967)
(1.769095299 -0.02624653651 1.004138667)
(-0.0005105193516 -0.01113340743 0.02594594494)
(1.391078106 -0.09781984163 1.12848009)
(1.716133251 -0.1442486524 0.68125365)
(1.668999033 -0.2371415526 0.8113218607)
(1.429256561 -0.05676894258 0.7999887088)
(1.872206971 -0.2703915309 0.7854713664)
(2.301204361 -0.1499295224 0.9821965877)
(1.328646502 -0.1919565594 0.8748371533)
(2.233101028 -0.06950556593 1.038297801)
(1.464854571 -0.3088986245 0.7814970387)
(1.689016266 -0.382285538 0.8734094047)
(1.315554428 -0.5427287963 0.8475928887)
(1.070706775 -0.30797945 0.664227888)
(1.687438444 -0.3810468666 0.9531023817)
(1.05551481 0.05695792694 0.8468282859)
(1.589496041 -0.4157570037 0.6438800984)
(2.240500549 -0.2446662896 0.5879256805)
(1.422253633 -0.09947988885 0.6665229269)
(1.044937899 -0.3046229785 0.5289146075)
(1.492235538 -0.04495561466 0.8477940589)
(1.836925712 -0.05784483035 0.9638045671)
(1.244754199 -0.2863070456 0.8227972756)
(1.230584204 -0.1820172456 0.8067859023)
(1.456989459 -0.1950080314 0.8287706657)
(1.86697977 -0.06795976025 0.6748753624)
(0.784680766 -0.2426360739 0.5416621803)
(1.698800671 -0.1532125361 0.7408813737)
(0.10192936 -0.07907427464 0.0857072867)
(0.07126715436 -0.06957671002 0.07688388957)
(2.3034665 0.1122360049 1.160979626)
(1.945016457 0.1732759789 1.009503745)
(2.356390548 -0.1927548788 0.9586814455)
(0 0 0)
(0 0 0)
(1.556973584 -0.09393990365 1.104921399)
(2.361412645 -0.02898142778 1.363668302)
(2.359680819 -0.1924131077 1.228621337)
(2.131834038 -0.2286965724 1.021591562)
(2.237225252 -0.145565073 1.32482318)
(2.011401906 -0.2095881042 0.8875272726)
(2.579629553 -0.09899962924 1.02752219)
(2.066073614 0.05790148154 1.017213954)
(2.643897157 0.06202555916 1.184612218)
(2.097852044 -0.2651671799 1.205682211)
(1.395030528 -0.1077937359 0.6103692688)
(1.585518124 -0.2156846011 0.7796204399)
(2.405047027 -0.4118625659 1.253510429)
(2.015666196 -0.3751077056 1.159273751)
(2.304477352 -0.19888375 1.154762917)
(1.774414693 -0.3234121436 0.8966196098)
(1.677433141 -0.3134670126 1.072314161)
(2.052599778 -0.2834752694 0.8355850983)
(1.710366018 -0.101530926 0.9440425507)
(1.687429185 -0.2001950721 0.8964475085)
(2.14884589 -0.1730307936 1.015891717)
(0.7529623075 -0.05767850698 0.4698942899)
(1.281493446 -0.2935701562 0.5640069066)
(1.132727211 -0.1466917977 0.6447873222)
(2.021914902 -0.1885092843 0.8425415366)
(1.494328327 0.106424667 0.8027945779)
(1.038696285 -0.3534785031 0.5711747137)
(1.469430178 -0.154091556 0.6866855262)
(0.1090868098 -0.07520998845 0.09845878822)
(2.044186392 -0.09031184918 1.030508156)
(2.218482583 0.1463518968 0.8861961364)
(2.296519374 -0.180789029 1.325982365)
(1.913430044 -0.2750359142 1.158746891)
(2.231047157 -0.1163804355 1.022211177)
(0 0 0)
(2.006389921 -0.04451607471 0.9625259336)
(2.177038879 -0.06292220517 1.214458786)
(2.229813388 -0.1098505201 1.075142225)
(2.375664908 0.09149613381 0.9487404679)
(2.468594568 -0.1387946998 0.9076279892)
(2.402239736 0.02477439049 1.10803065)
(2.511213643 -0.1465682537 1.092492596)
(2.227002965 -0.212880885 1.078637751)
(2.330180882 -0.009000965175 1.119655884)
(2.114258044 -0.1963527344 0.9744524153)
(2.213184962 -0.1618874417 0.8082437664)
(2.247245736 -0.2313307064 0.88127374)
(2.084610721 -0.1198727296 1.00216468)
(1.507113667 0.08035241112 0.774092658)
(2.810611969 -0.2955829387 1.547421206)
(2.113555109 -0.2863179293 0.6497657161)
(2.301127927 -0.2314539908 1.253438974)
(1.527651815 -0.2680489616 0.8240894973)
(2.097678684 -0.4596159513 1.063631819)
(2.016273917 -0.330278138 1.018753308)
(1.88918936 -0.2410635582 1.010508849)
(1.912380058 -0.3549213606 0.6898738098)
(1.382204257 -0.17459384 0.6317385947)
(1.936665093 -0.206207692 0.8799860711)
(2.170112525 -0.4425446472 0.7020674956)
(1.693379567 -0.2076526147 0.715409078)
(1.973220647 -0.4550422721 0.9492330547)
(2.04810332 -0.1240046153 0.8057728187)
(1.767043483 -0.06463783896 0.7263835324)
(1.618808069 -0.4013071564 0.7528306166)
(0.7269143935 -0.2761392061 0.1710433323)
(0.180708329 -0.1448307933 0.1711599712)
(2.817242291 0.1727305406 1.207491523)
(2.65560272 0.1023036485 0.9583432833)
(0 0 0)
(2.357077976 -0.3224744298 0.9279058952)
(2.67123008 -0.01811609835 1.260272658)
(2.831139235 0.1533503244 1.312763122)
(2.55159681 -0.2719282577 1.150401756)
(2.261281336 -0.2097602118 1.208368509)
(2.817019845 0.001704346145 1.07412096)
(2.749713689 -0.1490073897 0.9451710665)
(2.682873032 -0.08656201722 1.191433596)
(2.853628862 -0.133437535 1.131434638)
(2.910469752 -0.0001568429327 1.174477488)
(2.486896109 -0.2678019644 1.003868214)
(2.364319734 -0.1010064518 1.237888465)
(2.381946141 -0.1893237079 1.075114526)
(2.968813408 -0.7785273182 0.6091613039)
(2.101644199 -0.2328129999 0.9162369368)
(2.316098891 -0.1413747864 1.124763846)
(2.295547389 -0.5040869245 1.064173339)
(2.440596001 -0.4257716828 1.092278075)
(2.949610206 -0.3827520179 1.294873758)
(3.025070291 -0.3514462224 1.213374644)
(2.035588914 -0.4236834605 0.8794996383)
(1.543219336 -0.2454855724 0.640030717)
(1.714104138 -0.3244640084 0.7763343357)
(2.279346655 -0.6387787019 1.080348144)
(1.752085339 -0.1923825474 0.8365648727)
(2.037494968 -0.06020942682 0.980123688)
(2.059533754 -0.06726969974 0.7882118086)
(0.7830028669 -0.1432986498 0.4444462753)
(1.985924568 -0.002567857658 0.6547367064)
(1.665209831 -0.4406284446 0.3460799005)
(0.741992721 -0.276739976 0.3652530858)
(3.226083998 -0.01881484246 1.104358084)
(3.07023235 -0.1127016651 1.491439135)
(3.279372853 -0.1352358526 1.159860131)
(2.597813772 -0.1530431421 1.095809697)
(2.995219512 -0.06253299217 1.210206549)
(3.369605683 -0.3228608665 1.086189553)
(0 0 0)
(3.042930517 -0.08460488798 1.203338835)
(2.602008153 -0.2134271592 0.9317377168)
(3.513724419 -0.2107374174 1.222144344)
(3.336356287 -0.3357430006 1.627398151)
(2.815570567 0.09327031329 0.9894783707)
(3.035403663 -0.172690342 1.178751837)
(3.702214733 -0.4118114699 1.362166737)
(3.242746156 -0.3917997671 1.134262461)
(3.469837667 -0.07725365755 1.346842988)
(2.396297988 -0.3556890558 1.189480882)
(2.796383887 -0.2857243753 1.109966137)
(3.238923783 -0.4612668734 1.034407741)
(2.852933762 -0.2599973287 1.065392074)
(3.058174182 -0.354409213 1.255680652)
(2.530532605 -0.327112721 0.9431800771)
(2.631487356 -0.1235062702 0.9975334858)
(2.895047552 -0.5534901589 1.257770973)
(2.54451251 -0.4599067369 1.260290487)
(2.040565132 -0.2674686722 1.091974011)
(2.076890962 -0.5672326347 0.9108515772)
(1.89699942 -0.1474412676 0.6213104141)
(1.897365658 -0.3451864988 0.5279665084)
(3.14072176 0.09846503408 1.245036215)
(3.189754954 -0.1119824182 1.033681965)
(2.843155056 -0.3389176507 0.9444778185)
(3.494465519 -0.09134268973 0.7383696663)
(3.903253147 -0.2825979645 1.348198656)
(2.972873496 -0.3021350908 1.451277617)
(4.541368704 -0.2043881465 1.393330698)
(3.123128662 -0.2349842392 1.49128734)
(3.208585801 -0.4756614374 1.197408187)
(2.407571495 -0.3645295264 0.815555696)
(2.676285182 -0.1750525736 1.119535587)
(3.374948778 -0.388246571 1.27665614)
(2.71157677 -0.4425708432 0.8668083667)
(2.992900959 -0.3790040048 1.178755604)
(2.859199865 -0.5865077224 1.196614775)
(2.87144867 -0.4559674558 1.10895823)
(3.214952802 -0.1858793172 0.9516221264)
(2.69984062 -0.1047832551 0.8983893526)
(2.801340523 -0.614973721 1.023699741)
(2.800888381 -0.2362772852 0.810606816)
(3.057895194 -0.4319329044 0.7706715524)
(2.830581575 -0.4766992641 1.013067142)
(2.790734351 -0.4880011892 0.7433236129)
(3.166684807 -0.311810726 1.109935487)
(3.04892311 -0.4977331195 1.120530482)
(2.778333742 -0.2392666189 0.882512463)
(2.558397269 -0.3024650111 0.8562458118)
(1.754063668 -0.2157747834 0.3410580366)
(2.050456835 -0.2710681088 0.4425461764)
(0.7128202299 -0.2772706417 0.08141682683)
(3.32607126 0.2476284762 1.28855257)
(3.518180643 0.09838333955 1.117978372)
(3.421614129 -0.2032868545 1.328965991)
(3.389105102 -0.1735835305 1.220135101)
(3.399654809 -0.04415133866 1.067985562)
(3.478368146 0.01815279331 1.019031286)
(3.259133789 -0.2724793458 1.058166449)
(3.004859259 0.04708678797 1.094922475)
(3.200430768 -0.09380229108 1.128427975)
(0 0 0)
(3.924819382 -0.4887065449 0.8802567235)
(3.02452027 -0.346869051 1.108109587)
(3.267609618 0.05741504112 0.8515708526)
(3.702832814 -0.1596381033 1.11648736)
(3.212512926 -0.4474997866 1.14217818)
(2.758383295 -0.3338588825 1.197438356)
(3.682773636 -0.3265871992 1.076301977)
(3.62582202 -0.05824855782 1.039325201)
(3.03627078 -0.2697985024 1.084747822)
(3.441642906 -0.5663456321 0.9908168913)
(3.040942172 -0.3586309591 0.9878220048)
(2.816272984 -1.005525763 1.112280862)
(4.117350866 -0.299353426 0.9748082077)
(3.67443815 -0.4023973105 1.397457138)
(2.678051574 -0.184248173 1.081392216)
(2.928336587 -0.1481025532 0.9650842251)
(2.714908341 -0.05425975073 1.055546888)
(2.972006671 -0.3139289073 0.3958750045)
(3.142371856 -0.2963813478 0.8504497388)
(3.996453645 -0.1428023745 1.403997249)
(3.948798362 -0.01028450128 1.241509822)
(4.45523669 -0.2205550722 1.32404506)
(3.731009108 -0.204051301 1.164039381)
(4.066581422 -0.1059232868 1.39789464)
(0 0 0)
(4.144479544 0.2643863735 1.349078672)
(3.984301098 -0.2530138499 1.284005833)
(3.967060431 -0.08587555506 1.366935782)
(3.444207649 -0.2310967067 0.9433630658)
(3.513543334 -0.3255428883 1.541125417)
(2.806097673 -0.122660175 1.026298772)
(4.031895202 -0.3138782858 1.313726495)
(4.092184808 -0.166685253 0.977895373)
(3.922695395 -0.6295289032 1.162784819)
(4.107519782 -0.0644987099 1.58823703)
(3.522076606 -0.2114954454 1.146961854)
(2.931595356 -0.4799771709 0.8377741777)
(3.856487944 -0.1500631833 1.196993667)
(3.909158778 -0.1073931329 1.380726838)
(4.066661686 -0.2477111334 1.323063827)
(3.402397336 -0.4314000731 0.9791158796)
(2.960855155 -0.3397212324 1.159525745)
(3.304855695 -0.4638446739 1.103654105)
(2.578271224 -0.5827905853 0.8254138651)
(3.194235124 0.07045084367 1.092897339)
(3.180181355 0.1800221557 1.171132336)
(3.284159247 -0.5694442852 0.5411229707)
(1.240240181 -0.4010122913 0.1886161379)
(3.806599456 0.04921052558 1.007586197)
(4.452514402 -0.5213336664 1.435214188)
(4.306418916 0.2465793466 1.200633103)
(0 0 0)
(3.67049001 -0.1675951922 1.099324611)
(4.317935919 0.0348056344 1.208219375)
(4.176777741 -0.2947116603 1.207537702)
(4.581611722 -0.2198913996 1.54493291)
(3.657178162 0.3443700685 0.5261504835)
(3.471732694 -0.1541514187 1.192039802)
(4.076213058 -0.1864673399 1.102383429)
(3.888312826 -0.5508770332 0.8279396973)
(4.249183597 -0.4097426409 1.243853121)
(3.499149421 -0.3606748942 1.111113725)
(4.166468203 0.2555283551 0.7853664671)
(3.523407822 -0.4298094945 0.8795014014)
(2.937294719 -0.3227898855 1.086560533)
(3.671913742 -0.6078243707 1.327437144)
(3.35957206 -0.3762306271 1.227032488)
(3.962284563 -0.4817343114 0.77058861)
(2.804744489 -0.3122805285 0.9054069136)
(4.003789147 -0.3112634211 0.9248998163)
(3.592942191 -0.3828757141 0.8536251453)
(2.996003952 -0.1671782283 0.9176266804)
(3.020521453 0.06075291614 1.107149986)
(4.310021902 0.3488308904 1.199511113)
(3.038957781 -0.1019080807 1.348936617)
(2.544359149 -0.2941663273 0.4050076899)
(2.662848745 -0.2782452411 0.6495393675)
(4.687264216 -0.4294811679 1.031022252)
(4.947213851 -0.005057160257 1.044016474)
(4.748548929 -0.07429866362 1.305233587)
(5.175299667 -0.2612666455 1.264883263)
(4.307128498 -0.6278316744 1.472377725)
(4.788488836 0.2108748186 1.0030982)
(4.275781219 -0.08545401256 1.344781247)
(3.387831493 -0.3326102005 1.10676399)
(4.525392315 -0.07617691437 1.331829013)
(4.458852433 -0.2806054067 1.393198209)
(4.433881258 -0.1280559555 1.080721131)
(4.001122119 -0.2630598462 1.056639356)
(3.837335767 -0.4701370649 1.158292584)
(3.446811463 -0.1040108061 0.9346719064)
(3.776123411 -0.5449157978 0.7314034961)
(4.185694626 -0.5599208466 1.062839351)
(4.503105518 -0.003386519193 1.136224704)
(4.747423893 -0.4187311789 1.490339197)
(4.316627631 -0.2827784931 1.095020817)
(4.383474486 -0.2204060805 0.8713128376)
(3.977642143 -0.269991328 1.160624811)
(4.060185318 -0.1092280532 0.9390871504)
(3.634811001 0.0942044334 1.189130073)
(3.671446297 -0.204925757 0.9963105251)
(4.067719444 -0.4410647407 0.7316864454)
(3.633224834 -0.7067658969 0.182224579)
(2.462457809 -0.5221772279 0.2160005374)
(1.704535672 -0.5561547322 -0.01480043054)
(4.547636793 0.1687550637 1.37092241)
(5.063694863 0.2369533002 1.19405095)
(4.640309928 -0.04836296201 1.028652051)
(0 0 0)
(4.615641746 -0.09221699521 1.282594615)
(4.74010158 -0.2582369175 0.960596465)
(4.819543318 0.3116400803 1.082905583)
(4.236887873 -0.1963913482 1.349527048)
(4.525929572 0.05984925531 1.171766804)
(4.444713056 0.03524424793 1.433385939)
(4.080277445 -0.1359738881 1.034563354)
(3.923039811 -0.07963231114 1.269802555)
(4.599160682 -0.2688214737 1.163957794)
(4.615096218 -0.1349425108 1.147643043)
(4.754056007 0.03359249785 1.390147341)
(5.346506937 -0.7271852496 1.183778108)
(3.982412872 -0.6372157966 0.9765941842)
(4.210375278 -0.3922702278 1.334291414)
(4.631543998 -0.2762458728 1.547373142)
(3.783121503 -0.2245818769 1.196448598)
(4.271947946 0.02833119638 1.289549628)
(4.262593853 -0.209465466 0.7573852375)
(5.346009603 -0.6026269488 0.8246912533)
(4.022195157 -0.7028307432 0.09374881266)
(1.777881463 -0.5208767372 -0.2657972352)
(4.40604669 0.04121925476 1.751155255)
(4.345525133 -0.02174014927 1.439662349)
(4.970761437 0.04843987093 1.432237082)
(3.941304542 0.1794537102 1.376734067)
(4.305905332 -0.06868010192 1.237797094)
(3.960446983 -0.09253263838 1.610296463)
(0 0 0)
(0 0 0)
(4.170585956 -0.2361579718 1.583871414)
(3.50967275 0.1271407952 1.370378262)
(3.898794047 -0.02440063676 1.371542813)
(3.679768866 -0.04437149028 1.483947547)
(3.915851037 -0.01660488994 1.488457471)
(4.630361736 -0.04973255252 1.342657302)
(3.825942761 0.01090462932 1.494917924)
(3.523533501 -0.1291681806 1.016357138)
(4.091129336 -0.3280339945 0.940156941)
(4.137550866 0.1905797389 0.7099908378)
(4.245559523 -0.1426311682 0.4217960886)
(3.769553928 -0.6181166127 -0.4006277639)
(4.972815241 -0.6569781137 0.5459983347)
(3.574983011 -0.4461109809 -0.1621100288)
(3.682670815 -0.3935321134 1.385104302)
(5.727389395 0.2732382574 0.8116872707)
(5.272869591 -0.1567178196 0.4649182414)
(4.707658451 -0.3148266739 1.200923096)
(4.574917404 -0.3010458164 0.2669313484)
(6.008644718 0.3087122905 0.3933199413)
(5.573145208 -0.04394529893 1.646680051)
(5.194470608 0.2234291545 0.1865853708)
(3.249009131 -0.1865248567 -0.006660334625)
(4.770398159 -0.07609863254 0.4659005601)
(5.660679975 -0.6928572551 -0.2506839451)
(4.137355231 -0.1014369913 -0.2927002009)
(4.125681284 0.02291135758 0.02185006177)
(4.604752332 -0.2940392158 -0.265552471)
(3.065358653 -0.3705448058 -0.6809898957)
(2.97081938 -0.3135333433 -0.03322505768)
(2.170608158 -0.3261636483 -0.890244722)
(0.4163369448 -0.1860036457 -0.08920327445)
(0.02455112108 -0.01489675561 -0.03317949265)
(4.612372422 -0.1686274323 -0.3376585241)
(4.289637529 -0.01446492968 -0.6445227583)
(2.675708692 -0.6429426396 -0.6885382021)
(1.265205238 -0.1770669132 -0.7458596031)
(1.607141672 -0.3075076195 -0.4211665307)
(1.206610923 -0.06474363024 -0.6476173356)
(0.6015552214 -0.1030608968 -0.308783476)
(0.4421463361 -0.25528443 -0.188369027)
(0.6529684891 -0.02728441794 -0.4001027334)
(0.4229861542 -0.03013937149 -0.3054211977)
(0.7701363214 -0.02075356061 -0.29351675)
(0.7564680092 -0.1368939856 -0.3797881311)
(0.7805547308 0.008905283669 -0.4161894347)
(0.5630731998 -0.0642602681 -0.2859919005)
(0.5522531513 0.0001051598162 -0.4059866268)
(0.5608405797 -0.1871326284 -0.2312726139)
(3.96842741 0.273745593 1.59385634)
(1.711747082 -0.04190146138 0.9912657552)
(1.053778294 0.01318733944 1.045158785)
(1.089141171 0.010768344 0.7725293219)
(0.8434767848 0.01220692675 0.4683564444)
(-0.003562523198 0.0136167341 0.03209263411)
(0.01318247606 -0.0328246679 0.04056832481)
(0.2470928858 -0.02603657826 0.1903220137)
(1.271638785 0.05978393541 0.805295221)
(1.568785892 0.08695253821 0.7094451074)
(1.394467691 -0.1270691882 0.811100333)
(1.240491198 -0.1240156215 0.7015458795)
(1.352762923 -0.1551289539 0.8543697539)
(0 0 0)
(1.749288971 -0.5992115565 0.8449068382)
(-0.0004552427341 -0.02831313087 0.01895207393)
(0.001655852253 -0.01017005529 0.009688318822)
(0 0 0)
(0 0 0)
(1.898179707 -0.3010988308 1.147214762)
(1.519175433 -0.03130013368 0.5748840383)
(1.783717216 0.03268970252 0.7250667374)
(1.849379598 -0.2686821983 1.059576099)
(0 0 0)
(0.9999853549 -0.2311865092 0.5591230687)
(1.574682208 -0.1842075558 0.6297206181)
(2.276505729 -0.1263730143 1.159347986)
(2.031280779 -0.2598191315 0.9033660803)
(1.472200434 0.05939638644 1.031137302)
(1.943525011 -0.02731958491 1.151926923)
(0 0 0)
(1.061570452 0.05886228241 0.8603368377)
(2.324314421 -0.2724648468 0.9387197499)
(0 0 0)
(1.845539176 -0.3995400346 0.8330644532)
(0 0 0)
(1.109899325 -0.03909594533 0.6030755041)
(0.01592941912 -0.03550917351 -0.008099587019)
(0.7098725066 -0.2621151561 0.4485718809)
(1.736330955 -0.1657015544 0.7298059808)
(0.2967753505 -0.07744247271 0.1357188857)
(0.03498358566 -0.04868322628 0.021233989)
(0.002424146248 -0.01440441184 0.02059540778)
(0 0 0)
(1.997221027 -0.1802043108 1.407886803)
(1.979836427 -0.09101034756 1.123878609)
(0 0 0)
(1.861078826 -0.3002324775 1.003317629)
(0 0 0)
(0 0 0)
(1.601027506 -0.465182999 0.9334212334)
(0 0 0)
(0 0 0)
(0 0 0)
(1.885870796 -0.2566790816 0.7947293646)
(0 0 0)
(2.30179134 0.03461208233 1.255592587)
(2.443167754 0.361955326 1.056188018)
(2.794692338 0.2624787288 1.21916928)
(2.762804771 -0.3113914594 0.854633934)
(0 0 0)
(0 0 0)
(1.885367201 0.02272741949 0.8129162107)
(0 0 0)
(2.457351336 -0.3750396759 0.8848961059)
(0 0 0)
(0 0 0)
(0 0 0)
(0 0 0)
(2.60866211 0.01969226582 1.08672929)
(3.21650158 -0.224930885 1.070115633)
(0 0 0)
(0 0 0)
(2.941810265 -0.3901110473 1.506990507)
(2.950599507 0.07260465571 1.224710161)
(2.461408994 -0.33450146 0.9957524762)
(2.922846105 -0.04572715586 1.044049963)
(0 0 0)
(2.58225605 -0.1603681451 0.8640698152)
(0 0 0)
(0 0 0)
(0 0 0)
(0 0 0)
(2.887358436 -0.1310116733 1.405572219)
(0 0 0)
(3.673979369 -0.03137880946 0.9402919145)
(0 0 0)
(2.924700318 0.1302751041 1.215291274)
(2.501525094 -0.1162895558 0.8351239322)
(0 0 0)
(0 0 0)
(0 0 0)
(2.413791031 0.2296725099 1.012557578)
(2.34829059 0.0235774075 1.080278914)
(0 0 0)
(-0.01008007629 -0.03902073639 0.02506176952)
(0 0 0)
(0.1808309349 -0.08911782646 0.04299300995)
(0.03096830346 -0.03582453031 -0.00503815864)
(0 0 0)
(0 0 0)
(0 0 0)
(3.568429713 -0.3958306077 1.290085691)
(2.866896925 -0.2482677064 1.087332613)
(3.372751005 -0.1259756962 1.062001633)
(2.475141784 -0.2477587059 0.9963112878)
(3.121949165 -0.006763530389 1.217354388)
(0.4520553548 -0.2608285203 0.05368512355)
(0 0 0)
(3.707137421 -0.3993140521 1.142958104)
(0 0 0)
(3.521673194 -0.1753434523 0.9396014621)
(4.096371344 -0.7837853799 1.154665207)
(3.8309868 -0.0841135035 0.7793103041)
(3.129578602 -0.4522621464 0.6187232623)
(2.135775181 -0.7074096693 0.3299698896)
(0 0 0)
(4.074045007 0.3728844972 0.8234317999)
(3.652797171 -0.1114557734 1.227537339)
(3.720829966 0.04811763764 1.089059788)
(3.497867448 -0.4840640574 1.198253362)
(3.66724225 -0.6890730098 1.278588933)
(0 0 0)
(3.009789945 -0.3271988664 0.8209229555)
(3.771667981 -0.4208890668 1.049162075)
(1.155250897 -0.4741256444 -0.1670542648)
(0.01585513117 -0.02028083524 -0.05728908966)
(0.1011213893 -0.0433433034 -0.06921354052)
(0 0 0)
(0 0 0)
(0 0 0)
(0 0 0)
(0 0 0)
(3.70264244 -0.2793104503 1.19677379)
(0.03018204861 -0.03227230806 -0.01725801527)
(0 0 0)
(3.631246579 -0.08011639129 1.353588781)
(0 0 0)
(0 0 0)
(0.008839429143 -0.01817853454 -0.004390181539)
(0.0399564994 -0.007188956716 -0.03105513617)
(4.673169242 0.1764055299 1.03751639)
(0 0 0)
(0 0 0)
(3.981048086 0.005950706269 1.150865131)
(4.225915027 -0.06859966102 1.363639091)
(4.530321095 -0.01052291732 1.28831511)
(-0.00755958104 -0.005106987331 -0.001484761635)
(0 0 0)
(3.657476116 -0.2366676995 1.08143954)
(4.312781509 -0.04328242787 1.282507262)
(0.07311389098 -0.06488701884 -0.05727660267)
(0 0 0)
(0.1422288397 -0.09481074081 -0.07346488682)
(0.1919222596 -0.1287844245 -0.08220316775)
(0.1384289948 -0.05479448941 -0.08710292703)
(0 0 0)
(0 0 0)
(0 0 0)
(0 0 0)
(0 0 0)
(0 0 0)
(0 0 0)
(4.851688473 0.119937936 1.466313799)
(0 0 0)
(0 0 0)
(4.216757829 -0.3958549261 0.5997413141)
(0 0 0)
(0.04292756746 -0.02191353864 -0.01342068696)
(0.9499622981 -0.2833329073 -0.351557745)
(0.6570736904 -0.1526766118 -0.3193380011)
(0.2565861903 -0.1403978821 -0.1980569935)
(0.2428943989 -0.08223772562 -0.1707830161)
(3.879686109 0.04478924563 1.07981443)
(4.547320751 -0.3153693923 1.218144664)
(5.01133957 -0.05416728723 0.460308671)
(6.246086462 -0.2857670045 0.5382914439)
(0 0 0)
(0 0 0)
(0.1927846969 -0.1358156322 -0.1028187647)
(0.06408700141 -0.06894066916 -0.02082203785)
(0.1879634742 -0.09921131765 -0.03263924436)
(4.819455368 -0.1161330471 -0.4962093263)
(2.303700206 -0.1452576228 -0.59865047)
(4.470127787 0.09991407097 -1.027708139)
(2.590195784 -0.2343495324 -0.8419044183)
(4.005610771 -0.1858275595 -0.7226493885)
(2.537128903 -0.2904661069 -0.9113528144)
(0.7002826926 0.001019137037 -0.4445125071)
(1.275764935 -0.2355376411 -0.5557864586)
(1.137950447 -0.08275521083 -0.4591656116)
(0.6914774459 -0.107345965 -0.4947193348)
(0.6062083285 -0.1466602237 -0.1801653407)
(0.666723036 -0.1692395178 -0.3110341677)
(0.4696608642 -0.09733733954 -0.2120402099)
(0.3190125601 -0.170954417 -0.2552289129)
(0.5622408614 -0.1017866753 -0.3264703262)
(0.3226405272 -0.0862927708 -0.2095160743)
(0.2410202336 -0.173782161 -0.09550662643)
(0.09000371434 -0.07692910769 -0.0659116647)
(0.03966431466 -0.02295699107 0.005805110836)
(1.061351359 0.08589132368 -0.4134192079)
(0.3829680306 -0.02150164057 -0.2974272565)
(0.9865236508 -0.1868196711 -0.5726350778)
(0.7798074978 -0.1223716421 -0.4928111999)
(1.285933623 -0.03081800506 -0.5458418445)
(0.6651425454 -0.1769797169 -0.3277972045)
(0.5254010765 -0.1840565557 -0.3348484909)
(0.4019588396 -0.05913780465 -0.2273031757)
(0.5156242924 -0.1269261177 -0.2539919344)
(0.3691173017 -0.06662536413 -0.2808854801)
(0.650269679 -0.2695322751 -0.1746344026)
(0.3873630693 -0.03627172085 -0.1645274795)
(0.3899254888 -0.25230506 -0.2359209879)
(0.7958049675 -0.2234248165 -0.4284208965)
(0.2534139658 -0.1005471149 -0.09825569196)
(0.1805432836 -0.07167238983 -0.08893980006)
(0.2081967338 -0.09888921337 -0.1021863481)
(0 0 0)
(0.1484228912 -0.0570594694 -0.06037933644)
(0.03189579874 -0.03505280551 -0.04700203493)
(0.5237581799 0.04517435111 -0.3267433463)
(0.7467760517 0.09126480903 -0.3946546547)
(0.5736036435 -0.02603032016 -0.2417473957)
(0.2898434401 -0.09871992523 -0.1348158985)
(1.004376667 -0.09547791908 -0.3862612792)
(0.1802540087 -0.1098379701 -0.1356103262)
(0.2404352931 -0.04038500152 -0.1144980368)
(0.121818518 -0.1040129895 -0.09498137322)
(0.1809762942 -0.08485034201 -0.06216148633)
(0.1868081737 -0.1079766947 -0.06829027492)
(0.16887955 -0.03139555082 -0.1114161193)
(0.4569965235 0.0263608156 -0.1747675657)
(0.1029693117 0.01025837303 -0.1011511701)
(0.2009072642 -0.0360407793 -0.110810827)
(0.5195041681 -0.07239820849 -0.2188647027)
(0.5748243089 -0.02305373565 -0.2927495598)
(0.01156716111 -0.03009651083 0.05762842797)
(-0.02101537549 0.02777049026 0.02269544056)
(0.1602939624 -0.02703020389 0.1713658634)
(0 0 0)
(0 0 0)
(0 0 0)
(0 0 0)
(0 0 0)
(0 0 0)
(0 0 0)
(0 0 0)
(0 0 0)
(1.497504681 -0.09986431388 0.8059571822)
(0 0 0)
(0 0 0)
(0 0 0)
(0 0 0)
(0.8422659794 -0.2737899253 0.6353966412)
(0.1890828035 -0.09351681518 0.1822544837)
(-0.007227499378 -0.0132992983 0.03263333883)
(-0.005877606477 -0.002425239896 0.02222829415)
(1.253228478 -0.09000043064 0.8044461867)
(0 0 0)
(0 0 0)
(0 0 0)
(0 0 0)
(0 0 0)
(0 0 0)
(0 0 0)
(0 0 0)
(1.131196158 0.01693557579 0.7394453809)
(0 0 0)
(0 0 0)
(0 0 0)
(1.217210817 -0.160648649 0.8067942117)
(0 0 0)
(0 0 0)
(0 0 0)
(1.474031607 -0.2337363774 0.9646414358)
(0 0 0)
(0 0 0)
(0 0 0)
(0.8333459514 -0.1135859717 0.4659368272)
(0.07366153126 -0.06275892974 0.1104833503)
(0 0 0)
(0 0 0)
(2.968356458e-05 -0.02636641046 0.006701556031)
(0.1674627418 -0.1022608934 0.1925712692)
(0 0 0)
(-0.008191745892 0.01901398471 0.05051739427)
(0 0 0)
(0 0 0)
(-0.01380831441 -0.01063010684 -4.220923987e-05)
(0 0 0)
(0 0 0)
(0 0 0)
(0 0 0)
(0 0 0)
(0 0 0)
(0 0 0)
(0 0 0)
(0 0 0)
(0 0 0)
(0 0 0)
(0 0 0)
(1.166938248 -0.05573118244 0.8585067165)
(0 0 0)
(0 0 0)
(0 0 0)
(0 0 0)
(-0.01030085493 -0.01974433282 0.01629757674)
(0 0 0)
(0 0 0)
(0 0 0)
(0 0 0)
(0 0 0)
(0.3371663609 -0.1560158772 0.2707151973)
(0 0 0)
(0 0 0)
(0 0 0)
(0 0 0)
(0 0 0)
(0 0 0)
(0 0 0)
(0 0 0)
(1.625506463 -0.1750744961 0.8926701348)
(0 0 0)
(0 0 0)
(0 0 0)
(0 0 0)
(0 0 0)
(0 0 0)
(1.734613826 -0.1451728639 1.232041733)
(0 0 0)
(0 0 0)
(0 0 0)
(0 0 0)
(0 0 0)
(0 0 0)
(0 0 0)
(0 0 0)
(0 0 0)
(0 0 0)
(0 0 0)
(0 0 0)
(0 0 0)
(0 0 0)
(0 0 0)
(0 0 0)
(0.4396226941 -0.180530678 0.09926361196)
(0.1028681246 -0.05534666459 0.08105145295)
(0 0 0)
(0.03098529619 -0.04367357862 0.0105053417)
(0 0 0)
(0 0 0)
(0 0 0)
(0 0 0)
(0 0 0)
(0 0 0)
(0 0 0)
(0 0 0)
(0 0 0)
(0 0 0)
(0 0 0)
(0 0 0)
(0 0 0)
(2.248633922 -0.09033144703 1.173186432)
(2.154275774 -0.6675145473 1.14332595)
(2.177652612 -0.2655718536 1.339866516)
(0 0 0)
(0 0 0)
(0 0 0)
(0 0 0)
(0 0 0)
(0 0 0)
(0.009419834203 -0.02113471514 0.004179415807)
(0 0 0)
(0 0 0)
(0 0 0)
(0 0 0)
(0 0 0)
(0 0 0)
(0 0 0)
(1.623277135 -0.1407147915 0.7713395126)
(0 0 0)
(0 0 0)
(0.1126012052 -0.2152881194 -0.002494377853)
(0.1733170327 -0.1320427988 0.02330332718)
(0 0 0)
(0 0 0)
(0 0 0)
(0 0 0)
(0 0 0)
(0 0 0)
(0 0 0)
(0 0 0)
(0 0 0)
(0 0 0)
(0 0 0)
(0 0 0)
(0 0 0)
(0 0 0)
(0 0 0)
(2.469111565 -0.4053378734 1.048806528)
(2.812513645 -0.3361636119 1.155643006)
(0 0 0)
(0 0 0)
(0 0 0)
(0 0 0)
(0 0 0)
(0 0 0)
(0 0 0)
(0 0 0)
(0 0 0)
(0 0 0)
(0 0 0)
(0.01676363787 -0.03200426553 -0.01158576782)
(0 0 0)
(0 0 0)
(0 0 0)
(0 0 0)
(0.5677196419 -0.1998207623 0.17166809)
(0.311541586 -0.08845706809 0.09496808297)
(0.4657104367 -0.1827347128 0.1923304045)
(0.09937677863 -0.1402365479 0.01792962675)
(0 0 0)
(0.01415665564 -0.02369696585 0.015715026)
(0.08642330302 -0.08771671236 -0.01273032424)
(0 0 0)
(0 0 0)
(0 0 0)
(0 0 0)
(0 0 0)
(0 0 0)
(0 0 0)
(0 0 0)
(0 0 0)
(0 0 0)
(3.011433463 -0.3537400068 1.121529469)
(0 0 0)
(0.005614031771 -0.02253278119 0.0299610166)
(0 0 0)
(0 0 0)
(0 0 0)
(0 0 0)
(0 0 0)
(0 0 0)
(0 0 0)
(0 0 0)
(-0.006254297848 -0.003982570331 0.006768662891)
(0 0 0)
(0 0 0)
(0 0 0)
(0 0 0)
(1.961464091 -0.3995939068 0.8626190282)
(2.799555456 -0.2177577024 1.035134221)
(2.561259016 -0.3187286092 0.6588072474)
(2.718301171 -0.1994161007 1.108381854)
(0 0 0)
(0 0 0)
(0.01549187133 -0.03294262158 0.002504531709)
(0 0 0)
(0 0 0)
(0 0 0)
(0 0 0)
(0 0 0)
(2.739900807 0.2755287031 0.9464933766)
(1.811783094 -0.5610933845 0.5827049626)
(0.7347066818 -0.2891050023 0.2063272609)
(0.9855810529 -0.4908600067 0.1901434974)
(0.2077327552 -0.1646364555 0.03567974645)
(0 0 0)
(0.06272196365 -0.06198884468 -0.007014293827)
(0.01054333769 -0.02302189619 -0.003138096408)
(0 0 0)
(-0.01266188391 -0.002235602107 -0.009550484608)
(0 0 0)
(-0.001143661952 -0.02042385999 0.007996008306)
(0 0 0)
(0 0 0)
(0 0 0)
(3.123025724 -0.2597619157 1.020015215)
(0 0 0)
(0 0 0)
(0 0 0)
(0 0 0)
(0 0 0)
(0 0 0)
(0 0 0)
(0 0 0)
(0 0 0)
(0 0 0)
(0 0 0)
(0 0 0)
(0 0 0)
(0 0 0)
(0 0 0)
(0 0 0)
(2.797258104 -0.5441688456 1.166389142)
(0 0 0)
(0 0 0)
(2.346686109 -0.3674993507 0.865050951)
(2.560820139 -0.3849380886 0.7940046928)
(0 0 0)
(0 0 0)
(0 0 0)
(0 0 0)
(0 0 0)
(0 0 0)
(0 0 0)
(0 0 0)
(0 0 0)
(0 0 0)
(0 0 0)
(0 0 0)
(0.8194026408 -0.2181787989 0.1927612428)
(0.7667772114 -0.2406998456 0.1199424036)
(0.05115605834 -0.0743148845 0.005419244691)
(0 0 0)
(0.0112655434 -0.02286939652 -0.01671944631)
(0 0 0)
(0.4168918347 -0.1256002386 0.08560914718)
(0 0 0)
(0 0 0)
(0 0 0)
(0 0 0)
(0 0 0)
(0 0 0)
(0 0 0)
(0 0 0)
(0 0 0)
(3.56174763 -0.1494155893 1.3757671)
(0 0 0)
(0 0 0)
(0 0 0)
(0 0 0)
(0 0 0)
(0 0 0)
(0 0 0)
(0 0 0)
(0 0 0)
(0 0 0)
(0 0 0)
(0 0 0)
(0 0 0)
(2.73003481 -0.4106561957 1.349596888)
(3.369558229 -0.4032036418 1.384488147)
(0 0 0)
(0 0 0)
(0 0 0)
(3.36655019 -0.5860284058 1.354285076)
(0 0 0)
(0 0 0)
(0.02067732251 -0.04021022563 0.001776210149)
(0.03550525166 -0.03721000965 -0.007729042708)
(0 0 0)
(2.89368046 -0.07674361894 1.13218985)
(0 0 0)
(0 0 0)
(0 0 0)
(0.03326301174 -0.04676804572 -0.0526917425)
(0.1029226143 -0.1233013549 -0.1028379008)
(2.518045088 -0.5618437037 0.4926516634)
(0.8497855804 -0.3712515373 0.07502601852)
(1.22062944 -0.2929510467 0.06325117167)
(0.5812106909 -0.3149803148 -0.1623183546)
(0.2030607337 -0.1619028473 -0.01309856202)
(0.2321508962 -0.1411472494 -0.09538020151)
(0.09775417178 -0.05718556222 -0.04658202885)
(-0.0004235418942 -0.01067086687 0.002168680384)
(0 0 0)
(0.01729182421 -0.0478265498 -0.01215617951)
(0 0 0)
(0 0 0)
(0.03580981214 -0.05657894064 -0.001161164585)
(0 0 0)
(0 0 0)
(0 0 0)
(0 0 0)
(0 0 0)
(0 0 0)
(0 0 0)
(0 0 0)
(0 0 0)
(0 0 0)
(0 0 0)
(0 0 0)
(0 0 0)
(0 0 0)
(0 0 0)
(0 0 0)
(0 0 0)
(0 0 0)
(3.250658065 -0.6790207551 1.190506911)
(0 0 0)
(0 0 0)
(0 0 0)
(0 0 0)
(0 0 0)
(0 0 0)
(0 0 0)
(0.0437658721 -0.06864518523 -0.00600917511)
(0 0 0)
(3.546764343 -0.06202753105 0.9669711455)
(0.04539647279 -0.03773919885 -0.006697481976)
(0 0 0)
(0 0 0)
(0 0 0)
(0 0 0)
(0 0 0)
(0.005612724792 -0.01128776729 -0.00844173943)
(0 0 0)
(0 0 0)
(0 0 0)
(0 0 0)
(0 0 0)
(0 0 0)
(3.034420142 -0.7947155802 0.69533443)
(1.237473118 -0.5653393657 0.03603999236)
(0.9443190445 -0.3080661034 -0.1603133491)
(0.2316081745 -0.1478764118 -0.03248696285)
(0.1495098865 -0.08592487916 -0.03571784701)
(0.2935100872 -0.1845633896 -0.1547154736)
(0.04605912752 -0.04635207356 -0.03909313177)
(0 0 0)
(0.04442548441 -0.06511301441 -0.008971749262)
(0.08802675094 -0.06246515827 -0.06779836505)
(0.03604314035 -0.05446187959 -0.01902024182)
(0.05493984555 -0.04621124365 -0.02085987427)
(0.01674816272 -0.007851781549 -0.005273779207)
(0.009741680564 -0.02844900578 -0.04542626443)
(0 0 0)
(0 0 0)
(0 0 0)
(0 0 0)
(0 0 0)
(0 0 0)
(0 0 0)
(0 0 0)
(0 0 0)
(0 0 0)
(0 0 0)
(3.692938632 -0.3461046501 0.9371770056)
(0 0 0)
(0 0 0)
(0 0 0)
(3.532421435 -0.4369977234 1.021150933)
(0 0 0)
(-1.882514701e-05 -0.02914339409 0.009963582138)
(0 0 0)
(0 0 0)
(0.01063626528 -0.03594859985 0.01443516451)
(0 0 0)
(0 0 0)
(0 0 0)
(0 0 0)
(0.04738657729 -0.0491296383 0.003181698936)
(0.01892182196 -0.03601729989 -0.02194992758)
(0 0 0)
(0.01560956479 -0.01634420936 -0.04427464858)
(3.109663274 -0.2746055927 1.057301044)
(-6.040695451e-05 -0.0100550615 -0.04614238001)
(-0.008393086102 -0.03421354502 -0.02716007001)
(0 0 0)
(0.06218780856 -0.08763545308 -0.07340343787)
(0.01427848619 -0.02120498429 -0.01727411413)
(0 0 0)
(0 0 0)
(0 0 0)
(2.429057423 -0.5188704721 0.1222642812)
(1.540382528 -0.5392003819 0.02911704745)
(0 0 0)
(0.03413450604 -0.01504443905 -0.02751927869)
(0.02563628259 -0.03411408193 -0.0178573859)
(0.07345461109 -0.03891096628 -0.050643947)
(0.06377345888 -0.05330291225 -0.0509795875)
(0.04544763645 -0.0332802532 0.005677391901)
(0.02809726916 -0.03597512152 -0.03809441907)
(0 0 0)
(0 0 0)
(0.09334317817 -0.06184548198 -0.06127870276)
(0.03003878597 -0.03290503211 -0.01769264215)
(1.818122735 -0.4260098963 0.002623655621)
(1.565485272 -0.5674997159 -0.006084892672)
(0.3070820911 -0.1764823398 -0.1411381945)
(0.4660979486 -0.1299983545 -0.03688180302)
(0.1257353562 -0.1079552308 0.01756051031)
(0.1136934507 -0.0949940387 -0.1372261416)
(0.05324451403 -0.03606579743 -0.06194195104)
(0 0 0)
(0 0 0)
(0 0 0)
(0 0 0)
(0 0 0)
(0 0 0)
(0 0 0)
(0 0 0)
(0 0 0)
(0 0 0)
(0 0 0)
(0 0 0)
(0 0 0)
(0 0 0)
(0 0 0)
(0 0 0)
(0 0 0)
(0 0 0)
(0.01906083546 -0.03403157385 -0.03541037102)
(0 0 0)
(-0.003982459317 -0.02941277359 0.0131620961)
(0 0 0)
(0.05421355305 -0.07320305972 -0.02465286021)
(0 0 0)
(0 0 0)
(0 0 0)
(0.01605533598 -0.01932674716 -0.007762285747)
(0 0 0)
(0 0 0)
(0 0 0)
(3.398299172 -0.4271921199 0.2273335585)
(3.096877662 -0.74594065 -0.0306544618)
(0.08177152652 -0.06710309816 -0.01236617213)
(0.05624699926 -0.1152176327 -0.1177730739)
(0.07279902529 -0.04940660846 -0.05803189347)
(0.09446725041 -0.07794714479 0.003390821213)
(0.03457027139 -0.03075747319 -0.03401520381)
(0 0 0)
(0.03949732663 -0.03174404616 -0.01007745199)
(0.0464639979 -0.04375709039 0.02258815293)
(0.1437759926 -0.1414912967 -0.0305359845)
(0.07879550422 -0.09156073946 -0.02371685167)
(3.011271972 -1.031425592 -0.1900123241)
(0.5437526504 -0.2046383284 -0.2315684586)
(0.1266523834 -0.1377988649 -0.1646746782)
(0.04647935254 -0.0262809193 -0.06037141576)
(0.08386734888 -0.03085634602 -0.06297324833)
(0.05082546859 -0.04382613315 -0.02324477)
(0.06201821139 -0.04684408752 -0.005740511374)
(0.1108513017 -0.1545203996 -0.07768779163)
(0.1460852663 -0.0761609821 -0.0715649917)
(0 0 0)
(0 0 0)
(0 0 0)
(0 0 0)
(0 0 0)
(0 0 0)
(0 0 0)
(0 0 0)
(0 0 0)
(0 0 0)
(0 0 0)
(0 0 0)
(0 0 0)
(0 0 0)
(0 0 0)
(0 0 0)
(3.536828332 -0.1547693065 1.222254754)
(0 0 0)
(0 0 0)
(0 0 0)
(0 0 0)
(0 0 0)
(0 0 0)
(0 0 0)
(0 0 0)
(0 0 0)
(0 0 0)
(0 0 0)
(0 0 0)
(3.330279624 -0.6727936957 0.2023955485)
(3.916576413 -0.7665243673 -0.1445578045)
(0.04104750503 -0.01375140754 -0.03886606824)
(0.05156482683 -0.02903005172 -0.008994407116)
(0.09563905725 -0.07103994034 -0.02014666295)
(0.09428135133 -0.08940272185 -0.07422874028)
(0.08453927694 -0.06073865692 -0.005040747061)
(0.1236601596 -0.06954583222 -0.06512646416)
(0 0 0)
(0.04046519738 -0.01906658211 -0.05123074597)
(0 0 0)
(1.002514194 -0.3995099871 -0.1783884405)
(0.5308739001 -0.2858525913 -0.1746657959)
(0.2319148574 -0.1441612037 -0.1147487886)
(0.2479574251 -0.0906754458 -0.1132430636)
(0.3611451402 -0.1878151686 -0.1661416057)
(0.08047890508 -0.02090314677 -0.08082725269)
(0.1533045898 -0.0630437935 -0.05498023133)
(0.1488756834 -0.05104042464 -0.09664299994)
(0.06420460858 -0.05629505007 -0.04475923126)
(0.3001687922 -0.24570825 -0.1964289627)
(0.2549241374 -0.1179064187 -0.1360154475)
(0.1783343766 -0.1032524073 -0.05636023562)
(0.09221445998 -0.04493284791 -0.07967971213)
(0.08034828291 -0.08273542198 -0.0729622111)
(0.1420755939 -0.05867678421 -0.08568542857)
(0.05525562716 -0.09152647892 0.008662094864)
(0.06023384096 -0.006869967028 -0.08248726445)
(0.160480365 -0.1598645764 -0.07746952755)
(0.06327121874 -0.07067081812 -0.02430167895)
(0.1625492645 -0.08798994739 -0.1508392664)
(0 0 0)
(0.05871163653 -0.04500376012 -0.02340248318)
(0.5822388117 -0.2910333691 -0.00182160855)
(0.1445522294 -0.04783390167 -0.0557688597)
(0.2550491026 -0.06046767228 -0.1724729897)
(0 0 0)
(0 0 0)
(0 0 0)
(0 0 0)
(0 0 0)
(0 0 0)
(0 0 0)
(0 0 0)
(0 0 0)
(4.409509212 0.2292747093 1.815477847)
(0 0 0)
(0 0 0)
(0 0 0)
(0 0 0)
(0 0 0)
(0 0 0)
(5.179920416 -0.2749087545 -0.06554644835)
(3.269999124 -0.5221117434 -0.4812256019)
(0.05559130746 -0.05253276997 -0.03174928886)
(0 0 0)
(0 0 0)
(0.02521184357 -0.03089815946 -0.001588705359)
(0 0 0)
(0 0 0)
(2.608033831 -0.4307478089 -0.3658483147)
(1.59686379 -0.4073835904 -0.3906621211)
(0.3745225523 -0.1797757991 -0.2401094892)
(-0.00138936292 -0.01309535098 -0.02201136176)
(0.194021919 -0.05822596555 -0.1573888321)
(0.03867012901 -0.01189485278 -0.01966104129)
(0 0 0)
(0.08022788766 -0.06986048146 -0.06862503948)
(0.094514715 -0.09499565108 -0.02119480308)
(3.051730019 -0.411706891 -0.04805894938)
(1.358019502 -0.2590927232 -0.2889841697)
(0.7852908657 -0.1302177344 -0.3853252636)
(0.5319647314 -0.1952858925 -0.4042583572)
(0.348428431 -0.1657305433 -0.1189116184)
(0.2989358347 -0.1267820848 -0.2179192848)
(0.2948188283 -0.07597897775 -0.2127929315)
(0.1631501997 -0.06724846699 -0.1131033732)
(0.3841852728 -0.2070091406 -0.2086771223)
(0.2236636468 -0.04064775799 -0.0897317759)
(0.01042876313 -0.0205824205 -0.009326261102)
(0.1331486323 -0.06670350701 -0.09686254094)
(0.1500574164 -0.09700641462 -0.08365646153)
(0.2689290808 -0.1562227901 -0.1221040508)
(0.1194410465 -0.04943816561 -0.04805349673)
(0.1197662524 -0.07338823786 -0.09879261716)
(0.1971800761 -0.08899479341 -0.1332168633)
(0.01389371265 -0.04264135379 -0.08150239567)
(0.3845842608 -0.1717875882 -0.1449523486)
(0.05987309909 -0.0531240111 -0.02920604053)
(-0.01598942664 -0.02882317531 -0.0262052829)
(0 0 0)
(0.06658407812 -0.0520462654 -0.09917220408)
(0.1026013707 -0.08493064799 -0.0997090412)
(0.04211890183 -0.008047643662 -0.04636916241)
(0.07061044567 -0.03739941917 -0.078510418)
(0.2029049612 -0.1484391027 -0.03871039742)
(0.2579836447 -0.1696127218 -0.1267813565)
(0 0 0)
(0.003431349887 -0.0004969903054 -0.02121997212)
(0 0 0)
(0 0 0)
(0 0 0)
(0 0 0)
(0.04893138118 -0.001898850476 -0.1071134606)
(0 0 0)
(0 0 0)
(0 0 0)
(0 0 0)
(0 0 0)
(0 0 0)
(0 0 0)
(0 0 0)
(2.124252194 -0.2618435368 -0.6720457825)
(0.3742335257 -0.09279757587 -0.1637250936)
(0 0 0)
(0 0 0)
(0 0 0)
(0 0 0)
(0 0 0)
(1.742127081 -0.3318151859 -0.4893183307)
(1.041700018 -0.2536914325 -0.503910465)
(0.5057673975 -0.1594551717 -0.26513398)
(0.1816996843 0.01707854453 -0.1702763548)
(0.5824816384 -0.1452944061 -0.2310138904)
(0.2298449081 -0.02162583421 -0.05323932475)
(0.3888564179 -0.120362182 -0.1977836897)
(0.6788384682 -0.02969549616 -0.3700159753)
(0.3361018805 -0.1144311822 -0.1411781457)
(0.3281586749 -0.1007288955 -0.1423606758)
(0.2319956169 -0.08974443907 -0.1681347527)
(0.1729601281 -0.1079916903 -0.02859287604)
(0.04233949663 -0.06446048448 -0.03433913455)
(0.1452306013 -0.1143810803 -0.05034219384)
(0.05782098827 -0.06269638851 -0.02697359246)
(0.05207774497 -0.02900457045 -0.02609583703)
(0 0 0)
(0 0 0)
(0.09741134088 -0.05345718433 -0.06800702477)
(0.0345799175 -0.02092263409 -0.014200372)
(0.04044073075 -0.06114039156 -0.005413819906)
(0 0 0)
(0 0 0)
(1.251242379 -0.2180137591 -0.3176448812)
(0.4524169431 -0.2546393062 -0.1818036317)
(0.494336229 -0.2159385593 -0.2600857904)
(0.106199697 -0.1152308509 -0.07150572275)
(0.3501693014 -0.1597487118 -0.1961308792)
(0.2845996331 -0.02809071491 -0.1395582394)
(0.4528894195 -0.1225221063 -0.2145561027)
(0.20733427 -0.06298199061 -0.1313219527)
(0.2460339228 -0.101028004 -0.1285903008)
(0.1993249047 -0.04174916058 -0.02797085986)
(0.1331537827 -0.003268701269 -0.09861569046)
(0.2192089541 -0.1439171482 -0.0645568386)
(0.3634850271 -0.1166744855 -0.2230354872)
(0.2774061814 -0.1653100393 -0.1273823783)
(0.248146684 -0.1367163027 -0.1289790354)
(0.156368507 -0.06840655973 -0.07500907554)
(0.1081861034 -0.04310376575 -0.08171906271)
(0.0493639984 -0.035761328 -0.007953760266)
(0.3337554351 -0.1747875745 -0.1307326345)
(0.2402698156 -0.1185318 -0.05319568046)
(0.2950237655 -0.107763095 -0.1842863675)
(0.2974607954 -0.2333161479 -0.2197023384)
(0.05696730757 -0.0003018422254 -0.05597872157)
(0.1645924238 -0.09778896667 -0.04282609842)
(0.09965252827 -0.04125868958 -0.07376854645)
(0.1035300809 -0.03559593235 -0.02848032051)
(0.1381881219 -0.02930454545 -0.1047775999)
(0 0 0)
(0.04380441339 -0.056660137 -0.06616936277)
(1.726152925 -0.2452292289 -0.7167060216)
(0.6169146515 -0.01825560132 -0.3013335967)
(0.7853524362 -0.1535802555 -0.45828776)
(0.6388822872 0.001830879676 -0.3407642587)
(0.8552127186 -0.0878711704 -0.4068312571)
(0.4677917748 0.05276941147 -0.3647965506)
(0.4174360797 -0.033635874 -0.3324482062)
(0 0 0)
(0 0 0)
(0 0 0)
(2.543885764 -0.04674649824 -0.8429343601)
(1.113437494 0.02062546236 -0.5074935735)
(0.7444835025 0.02802733821 -0.3693033092)
(0.9250184821 -0.155459438 -0.4770214986)
(0.6437192383 -0.09084062863 -0.3555606464)
(0.6533907241 -0.01685628007 -0.4667782685)
(1.229180099 -0.06636930952 -0.7707224856)
(0.8401961382 -0.2706890628 -0.5196699461)
(0 0 0)
(0 0 0)
(0 0 0)
(1.173399482 -0.2829544539 -0.6527937345)
(0.7247057726 -0.06078265142 -0.2367694425)
(0.8296633532 0.0938248078 -0.4415270592)
(0.6231534126 -0.08835917491 -0.4275349295)
(1.058924421 -0.1388186841 -0.4797071084)
(0.5168865678 -0.03300780332 -0.5165522654)
(0.7782049465 -0.05029507575 -0.5430712252)
(0.3511551957 -0.06751700475 -0.3609504383)
(0 0 0)
(0.009464674541 0.008785329246 -0.01838391628)
(0 0 0)
(0.6723536193 -0.09277524447 -0.2233888408)
(2.273522801 -0.3101104778 -0.6500287022)
(0.6600713414 -0.1907222087 -0.4209354074)
(0.9116447889 -0.1216634577 -0.5453740663)
(0.6158291783 -0.123932931 -0.3360359755)
(0.9971951308 -0.1812484915 -0.4349230447)
(1.018315952 -0.3195499687 -0.3186432089)
(0.5169892918 -0.07116530743 -0.2813877295)
(0.7696944297 -0.1737124791 -0.4635027452)
(0.4911945741 -0.1615593303 -0.3461251927)
(0.7364506499 -0.1010533921 -0.4210243691)
(0.7749011907 -0.0811878006 -0.2508876259)
(0 0 0)
(0 0 0)
(0 0 0)
(0 0 0)
(0.02140561532 -0.06382859582 -0.01368427363)
(0.8779679728 -0.1702053249 -0.2362840791)
(0.562301258 -0.1124541694 -0.269007992)
(0.5795427836 -0.1001394216 -0.3454892426)
(0.6612990229 -0.07177696004 -0.3674924797)
(0.8610120932 -0.2428939959 -0.5552129575)
(0.4579965563 -0.03381847761 -0.2701046839)
(0.5400368062 -0.1627106854 -0.202897809)
(0.5231665881 -0.1005233068 -0.403719652)
(0.4718137735 -0.06271934827 -0.2971735403)
(0.5680999059 -0.1484281682 -0.254509366)
(0.172331512 -0.0383860423 -0.161391842)
(0.6022619855 -0.1988807787 -0.3444307747)
(0.3204857648 0.01588467769 -0.1269908028)
(0.32898643 -0.1269168023 -0.2179693038)
(0.5070721976 -0.04675654569 -0.1537945592)
(0.2225950764 -0.09907362855 -0.09611526663)
(0.3997415464 -0.236063905 -0.2105338641)
(0.1483868575 -0.01313666176 -0.1143152282)
(0.3395483766 -0.1834737396 -0.1087171891)
(0.1179269769 -0.01559073641 -0.04615616993)
(0.02226696052 0.007958056866 -0.04741696422)
(0.07847205893 -0.05773545612 -0.02269451975)
(0.07214049605 -0.02049084789 -0.05100149531)
(0.030107537 -0.02979623137 -0.01011362194)
(0.0643628269 -0.04645114773 -0.02365479549)
(0.03550834626 -0.06061082174 -0.02314380614)
(0 0 0)
(0.02827719162 -0.04642338833 -0.0002952916481)
(0.02832321418 -0.009156936013 -0.04001147429)
(0.6151288782 -0.1161700069 -0.3251573352)
(0.4165186147 -0.03434533294 -0.164548156)
(0.4295924409 -0.09037339159 -0.2545172275)
(0.4686453023 -0.1458531744 -0.1894555233)
(0.2659820999 -0.02489631111 -0.2107007764)
(0.2983016448 -0.08000624308 -0.1907755191)
(0.2257524894 -0.07714423892 -0.2153506654)
(0.46651217 -0.09638124655 -0.1132348761)
(0.4584762579 -0.1022471303 -0.1242451176)
(0.2726481423 -0.03042932277 -0.1025787972)
(0.2963488691 -0.008716506525 -0.2138374442)
(0.2289263584 -0.1080221949 -0.1052909553)
(0.3324757717 -0.155763284 -0.1832124885)
(0.1817269277 -0.01791587021 -0.1040255664)
(0.3827830774 -0.226477544 -0.1158116298)
(0.1452707006 -0.0931833863 -0.1081513452)
(0.2850464833 -0.08927907064 -0.1061955639)
(0.1940225753 -0.05388037027 -0.1227522989)
(0.2741445583 -0.1396015448 -0.1134731234)
(0.2460897827 -0.1331834099 -0.1393138036)
(0.1666996215 -0.08149953208 -0.07093180026)
(0.2413116874 -0.1807836542 -0.09961323891)
(0.1011399072 -0.08732603009 -0.08040145478)
(0.1033671882 -0.1130660336 -0.05162566985)
(0.06549002859 -0.05217179639 -0.01517993509)
(0.7517389305 0.1478300738 -0.6765663146)
(0.5185685079 0.006893408223 -0.3798415841)
(1.202078353 0.1064098653 -0.6177253682)
(0.3806878635 -0.07798184502 -0.2388483829)
(0.7553709587 -0.08648356306 -0.2262856297)
(0.5554060303 -0.004663260622 -0.5028516465)
(0.4332877908 0.09139776876 -0.1783366962)
(0.9856625535 -0.07028499 -0.6126144113)
(0.3548165342 -0.05209164082 -0.3167632554)
(1.385606742 -0.03640007344 -0.8501303601)
(0.9636456457 0.03099406392 -0.3189383719)
(1.042356559 -0.0181134424 -0.5811198091)
(0.8356038096 -0.2104319246 -0.4135422544)
(0 0 0)
(0 0 0)
(0 0 0)
(0 0 0)
(0.7552478828 0.009008443823 -0.3020180877)
(0.1895250174 0.0222266829 -0.2136141362)
(0.4634410831 0.004792336756 -0.264030161)
(0.2920008116 0.02160541886 -0.1739723265)
(0.5085547886 0.0238377786 -0.3586158464)
(0.4919215174 -0.09715373799 -0.2834714501)
(0.4992488168 0.1879289776 -0.3193949938)
(0.6353490349 -0.007467032355 -0.3387710319)
(0.8575186123 0.003983744636 -0.5784119508)
(0.5735650488 -0.008319939694 -0.3144551736)
(0.6719520076 -0.07462382814 -0.3408805439)
(0.7825135981 -0.1402174925 -0.4593871137)
(0 0 0)
(0 0 0)
(0 0 0)
(1.193702821 -0.2439636255 -0.6791766182)
(0.7130072969 -0.06664641137 -0.3187126122)
(0.7292866587 -0.08042392063 -0.3503909132)
(0.8324342171 0.1352846795 -0.3109040977)
(0.8576487614 -0.02114713642 -0.4562272699)
(0.4267903734 -0.1722487254 -0.2942113803)
(0.5820976067 -0.0463025074 -0.3298925514)
(0.6064474827 -0.0599984661 -0.2225829462)
(0.4914104555 -0.005125385905 -0.4038433363)
(0.8820931898 -0.08001942609 -0.4201924989)
(0.417918551 0.01363071378 -0.3294282001)
(0.4045827243 -0.1536458855 -0.2486967866)
(0.7307727308 -0.1410509376 -0.4188244451)
(0 0 0)
(0 0 0)
(0.5772480817 -0.1699463211 -0.4580385819)
(0.5653627068 -0.01219421032 -0.2856297884)
(0.6474511577 -0.2518805998 -0.2904812213)
(0.5957669281 -0.1100801781 -0.3814608574)
(0.5172823663 -0.2872108344 -0.1348014278)
(0.2986240458 -0.08520242803 -0.2993052328)
(0.57240384 -0.1438640807 -0.3046318371)
(0.4266248291 -0.01729049414 -0.2664614599)
(0.5047320802 0.01341161597 -0.2528357781)
(0.3248791049 -0.04513737265 -0.1331528348)
(0.5150329104 -0.2078344127 -0.276346223)
(0.5872683529 -0.1708745953 -0.3928972686)
(0.6867100135 -0.2387128265 -0.3617302662)
(0.4185062255 -0.1128694439 -0.2189682577)
(0.3224719624 -0.08459829483 -0.2411552101)
(0.4577492016 -0.0599518156 -0.2821820322)
(0.4314229305 -0.161427503 -0.1537593176)
(0.3392150537 -0.02148701884 -0.1223545982)
(0.2019887266 -0.02967212582 -0.09737254435)
(0.3588139188 -0.05187892962 -0.2493339845)
(0.05809094872 -0.02346626627 -0.06508514073)
(0.1744763423 -0.1100592457 -0.09438822785)
(0.08419927134 -0.06431888125 -0.03023452493)
(0.2032473921 -0.07741314369 -0.1135490227)
(0.1655995501 -0.05750676512 -0.07806236219)
(0.1410175931 -0.04363261168 -0.05547927057)
(0.06189227735 -0.07612386076 -0.02105086459)
(0 0 0)
(0 0 0)
(0 0 0)
(0 0 0)
(0.1075888209 -0.04142177522 -0.02004278309)
(0 0 0)
(0.6120263222 -0.2278803841 -0.2544300756)
(0.3173775662 -0.04844197813 -0.2886931896)
(0.6478875493 -0.1424037142 -0.3138142624)
(0.2890564026 -0.1235934666 -0.1821712527)
(0 0 0)
(0.2030610403 -0.1170283465 -0.09549584454)
(0.2834228491 -0.1586402498 -0.1120098529)
(0.08907168906 -0.07816574678 -0.06664711598)
(0.1187823561 -0.06564990469 -0.0757732126)
(0.04442989194 -0.01576135168 -0.001380624098)
(0.06099802302 -0.04554042873 -0.0270895352)
(0.545055121 -0.043155241 -0.350508819)
(0.8576556517 -0.1564978346 -0.4892356846)
(0.9046361833 -0.1201638752 -0.2725776904)
(0.6147962782 -0.109566393 -0.4596401241)
(0.6473890082 -0.01568269586 -0.3128437367)
(0.6760265636 -0.1517906147 -0.2778301531)
(0.507225669 -0.1386554595 -0.1808941915)
(0.400442006 -0.1177139357 -0.1310427197)
(0.7339648545 -0.07483008196 -0.3203982062)
(0.5862539483 -0.08897246077 -0.1727340997)
(0.6226234828 -0.02792127896 -0.3221212174)
(0 0 0)
(0 0 0)
(0.2929167631 0.0152549439 -0.1267279934)
(0.5504715714 -0.08484438839 -0.3968204158)
(0.5575029127 -0.04949262339 -0.2654773866)
(0.3959425155 -0.04053340465 -0.2273035796)
(0.5412423617 -0.04011823231 -0.2968081943)
(0.7619306217 -0.1306052548 -0.3806579354)
(0.596137335 -0.040274423 -0.3700386037)
(0.8873054793 -0.2185118507 -0.355760163)
(0.2691617512 -0.08329396714 -0.2703273518)
(0.6271400945 0.0001878536541 -0.2364622671)
(0.2443998702 -0.1301475937 -0.1973684955)
(0.4207500538 -0.005918015688 -0.3315860438)
(0.5126723449 -0.04041493269 -0.2946029395)
(0.6781713346 -0.0267268538 -0.3891634145)
(0.5262827804 -0.1227987474 -0.2134326141)
(0.4403061368 -0.09398665484 -0.225788957)
(0 0 0)
(0 0 0)
(0 0 0)
(0 0 0)
(0.8071281932 -0.2336195674 -0.5946192266)
(0.5289842951 -0.0476388279 -0.3079879038)
(0.3350515921 -0.1272702929 -0.2290880823)
(0.5153501728 -0.04190164966 -0.3532633753)
(0.2075662656 -0.03461167803 -0.1209130855)
(0.3207081497 0.01618043323 -0.2069541001)
(0.31973487 -0.07570208629 -0.2237243871)
(0.6985477537 -0.2033978782 -0.2548279127)
(0.5424523919 -0.09992801548 -0.3319822663)
(0.3405876728 -0.1019901496 -0.1258837177)
(0.2761857249 -0.05892415127 -0.1219675173)
(0.4545121161 -0.2879592844 -0.09140554077)
(0.2131335251 -0.09646647341 -0.1183860509)
(0.2860772175 0.004811258566 -0.2349730017)
(0 0 0)
(0 0 0)
(0 0 0)
(0 0 0)
(0.417987387 -0.02649020662 -0.2507590248)
(0.529294285 -0.08042002626 -0.184331637)
(0.1740235584 -0.05158018626 -0.07838891359)
(0.5235544778 -0.1867042036 -0.1640300789)
(0.07248161576 -0.02519111015 -0.03106626156)
(0.1175981891 -0.02544376933 -0.07896027307)
(0 0 0)
(0.6583040273 0.005540667686 -0.3495422313)
(0.467147256 -0.03860625381 -0.1222343733)
(0.3842264903 -0.1343567198 -0.2436793702)
(0.6748832602 0.04944196145 -0.32558901)
(0.4618741209 -0.008712556352 -0.2998840298)
(0.4090884507 0.01815500363 -0.1849466187)
(0 0 0)
(0.1488056672 0.05715098482 -0.1210725645)
(0 0 0)
(0 0 0)
(0.3369929478 -0.0429131414 -0.2123382577)
(0.6971891524 -0.1045678333 -0.3317556845)
(0 0 0)
(0.2184153412 -0.06482334367 -0.05948199275)
(0 0 0)
(0.0300000225 -0.01635647295 -0.03523422937)
)
;
    }
    spline
    {
        type            calculated;
        value           uniform (0 0 0);
    }
}


// ************************************************************************* //
