/*--------------------------------*- C++ -*----------------------------------*\
| =========                 |                                                 |
| \\      /  F ield         | OpenFOAM: The Open Source CFD Toolbox           |
|  \\    /   O peration     | Version:  v1706                                 |
|   \\  /    A nd           | Web:      www.OpenFOAM.com                      |
|    \\/     M anipulation  |                                                 |
\*---------------------------------------------------------------------------*/
FoamFile
{
    version     2.0;
    format      ascii;
    class       volVectorField;
    location    "0.4543";
    object      fD_N2;
}
// * * * * * * * * * * * * * * * * * * * * * * * * * * * * * * * * * * * * * //

dimensions      [1 -1 -2 0 0 0 0];


internalField   uniform (0 0 0);

boundaryField
{
    symmetry
    {
        type            symmetry;
    }
    inlet
    {
        type            calculated;
        value           uniform (0 0 0);
    }
    orion
    {
        type            calculated;
        value           nonuniform List<vector> 
1990
(
(1.184751688 0.1506040092 0.3916242862)
(0.002626034643 0.007359464157 0.01321641148)
(1.11373365 0.1981425564 0.5660520647)
(0.07242788898 0.053035626 0.1065756264)
(0.196839835 -0.1236745209 0.2060086863)
(0.09489829273 0.04791239657 0.155221089)
(0.6733344503 -0.08227792663 0.4278594772)
(0 0 0)
(1.140907697 -0.09350367568 0.7542203368)
(0 0 0)
(0.6286960008 -0.09091671587 0.4007427837)
(0.6963378954 -0.06726252653 0.5726682798)
(0 0 0)
(0.7833696917 -0.02176843144 0.4750269154)
(1.018928078 -0.0834897065 0.5497083376)
(0.0007839048124 -0.007658320795 0.0245414391)
(0.4590715693 -0.04299755229 0.250226816)
(0.06383616603 -0.04469525928 0.06337617817)
(1.43103812 0.1644750933 0.6444816459)
(-0.009997242595 0.003341574642 0.007217606568)
(0 0 0)
(1.124970422 -0.1173718133 0.7154259195)
(0 0 0)
(0.962926929 -0.2903409427 0.7579634769)
(0 0 0)
(0.9101341757 -0.2895491319 0.5473913471)
(0 0 0)
(1.163207624 -0.1906014322 0.8061112236)
(0.8111134272 0.1843660848 0.478702808)
(0.1900169134 -0.09399434633 0.1741465693)
(1.381961187 0.0487348038 0.9251946199)
(1.464820043 -0.03052525283 0.8109035037)
(1.281345545 -0.04368685854 0.5702553961)
(0 0 0)
(1.145847802 -0.005181849914 0.5580825415)
(0 0 0)
(1.094317776 -0.1644518422 0.6118366874)
(0 0 0)
(1.325152304 -0.2257683562 0.6962725515)
(0.9848597118 -0.1563378143 0.4951946296)
(0 0 0)
(1.075458149 0.01815644841 0.3881447303)
(0.01208489125 -0.01290151372 0.02173569436)
(1.182628404 -0.1546447575 0.6454454723)
(0 0 0)
(1.610026032 -0.1573621788 0.8034198072)
(0 0 0)
(1.803460403 -0.1492467949 0.9446582548)
(0 0 0)
(1.376232934 -0.36570267 0.8382323811)
(0 0 0)
(1.287822428 -0.1118231821 0.7310557028)
(1.52179446 -0.08176510435 0.7838094488)
(0 0 0)
(0 0 0)
(2.265341034 -0.0347598389 1.061715504)
(0 0 0)
(1.760582555 -0.08087181855 0.7480093345)
(0 0 0)
(1.296338596 -0.1890638667 0.7873098462)
(1.498757287 -0.1356790505 0.5704501688)
(0.4693134013 -0.1351136198 0.3251041818)
(0.007103787806 -0.0173017052 0.02586736789)
(0 0 0)
(0 0 0)
(0 0 0)
(1.750976633 -0.2030346927 0.8859260656)
(0 0 0)
(1.77195124 -0.0710312851 0.7972830858)
(0 0 0)
(1.617629904 -0.1501209557 0.6807727193)
(0.6605465394 -0.2653422311 0.4781760318)
(1.60330179 -0.2994129069 0.8803754181)
(0 0 0)
(0.05570517301 -0.07074545573 -0.0123958691)
(0 0 0)
(0 0 0)
(2.069868232 -0.2804630359 1.026078166)
(2.229447953 -0.1792256703 0.8903554965)
(0 0 0)
(1.952381585 -0.3112909166 0.6950979143)
(1.749986379 -0.0487866692 0.5282400703)
(1.582096313 -0.2184971951 0.6424120796)
(0 0 0)
(1.892255183 0.1063320308 0.6669486256)
(0.008945802793 -0.01132420856 -0.01200384679)
(0.8232093432 -0.2388186638 0.3558209454)
(0.06590550019 -0.1056794577 0.002476885412)
(0 0 0)
(2.575680991 -0.1747491145 1.008192727)
(0 0 0)
(2.341560685 -0.04602531891 0.8209075281)
(3.018602246 0.04937041038 0.7370740599)
(0 0 0)
(0 0 0)
(1.795005219 -0.2922155326 0.6463982058)
(0 0 0)
(1.873926994 -0.1885351023 0.8249658642)
(0.03076103985 -0.04087605972 0.01298351021)
(0.7475343863 -0.3234187699 0.2317984439)
(0 0 0)
(2.601670987 0.09458813559 0.9542135032)
(2.283591318 0.07054766539 0.742687553)
(2.576592014 -0.4813367968 0.8653233898)
(2.691849355 -0.274821632 0.9293246442)
(0 0 0)
(2.29602099 -0.235745296 0.9017705497)
(0 0 0)
(0 0 0)
(1.789390578 -0.2730390724 0.5608993592)
(0 0 0)
(0 0 0)
(2.172779569 -0.4688277097 0.8627590332)
(0 0 0)
(0.01594789486 -0.02040350794 0.001769595913)
(0.7042626672 -0.2215473892 0.1268618606)
(0 0 0)
(2.812941468 -0.08752979425 0.7457516213)
(0 0 0)
(2.635988801 0.05976679545 1.126162188)
(0 0 0)
(2.546272529 0.1587526465 0.8102197793)
(0 0 0)
(0 0 0)
(2.441318805 -0.3171363835 0.7822435402)
(0 0 0)
(0.004939532211 -0.01508597606 0.01175761892)
(0 0 0)
(2.211808314 -0.2401754222 0.792614824)
(0 0 0)
(0 0 0)
(0.6009843171 -0.2383605212 0.1442699827)
(-0.0001306970169 -0.005903993705 -0.01801127502)
(0 0 0)
(0 0 0)
(0 0 0)
(3.205581801 0.114297007 0.6266697505)
(0 0 0)
(2.248904105 -0.3115282872 0.5716520911)
(0 0 0)
(0 0 0)
(0 0 0)
(2.454573398 -0.1466584922 0.8125020187)
(0 0 0)
(0.03486098383 -0.02131622842 -0.01675865081)
(1.927427322 -0.5492400703 -0.01270115563)
(0 0 0)
(3.827713528 0.2813455106 1.041704185)
(3.619885635 -0.01864522376 0.9763202448)
(2.527207278 -0.02238157162 0.572240083)
(0 0 0)
(2.797985074 -0.05045175907 0.571397146)
(0 0 0)
(0 0 0)
(3.206587121 -0.08552097527 0.8044786051)
(0 0 0)
(2.598621942 0.02353075052 0.882545688)
(0 0 0)
(3.022643894 -0.6491129626 0.4220775776)
(0.0212692709 -0.005703659568 -0.02784333978)
(1.017656419 -0.3599155107 -0.02589832302)
(0.05102952665 -0.026378234 -0.02758259818)
(0.1428271429 -0.1488466697 -0.07789069606)
(0 0 0)
(3.300871055 -0.2882864506 0.8595857167)
(0 0 0)
(3.232185327 -0.1544782708 1.088221409)
(0 0 0)
(2.449412937 0.3187260347 0.7480552762)
(0 0 0)
(2.99137886 -0.5323227607 0.2426633726)
(0 0 0)
(0 0 0)
(1.783345075 -0.3829335713 -0.2714165893)
(0.1079627673 -0.04669972776 -0.04001134298)
(0.05828510736 -0.03980660913 -0.04033368226)
(4.207804518 -0.2252392108 0.87345099)
(0 0 0)
(3.60935356 -0.3482369298 0.7454872978)
(3.55680799 0.4317862515 0.9739833544)
(3.605284251 -0.3729129606 1.114898593)
(0 0 0)
(3.204955948 -0.6182940344 -0.240121876)
(0 0 0)
(0 0 0)
(1.09213186 -0.4082497693 -0.1158519948)
(0.05925204603 -0.03342846961 -0.0232930486)
(0.0978133992 -0.101618707 -0.06804771478)
(0.05822619953 -0.04159500111 -0.05487346573)
(0.06865653803 -0.05173827365 -0.01441465554)
(0 0 0)
(0 0 0)
(0 0 0)
(3.807541537 -0.2626176529 0.2268091889)
(0 0 0)
(2.314315447 -0.2860600168 -0.5454895467)
(0 0 0)
(0.967081647 -0.3012615521 -0.2261090123)
(0.321246764 -0.06772858831 -0.1718603409)
(0.09561489151 -0.08544708541 -0.0327194319)
(0.2380558708 -0.04463364727 -0.1373859765)
(0.2537324067 -0.03770065826 -0.199244653)
(0.1637810309 -0.08090580036 -0.06787519085)
(0.1235462645 -0.05715905562 -0.04837300424)
(0.0379260855 -0.01512555625 -0.0377587478)
(0.08870564786 -0.04662160422 -0.1375996772)
(0 0 0)
(0 0 0)
(0 0 0)
(2.4336238 -0.07865250453 -0.4556370057)
(0 0 0)
(0 0 0)
(0.8927349208 -0.160043013 -0.2835023564)
(0.7923163841 -0.1303114195 -0.255776029)
(0.3932211352 -0.05712404824 -0.2524162057)
(0.002982851087 -0.02629064101 0.009086916938)
(0.3724048778 -0.1848646071 -0.07833966138)
(0.4598502207 -0.04395498271 -0.3363116145)
(0.3995003843 -0.1328666203 -0.09856168515)
(0.1561962883 -0.08330062003 -0.05951023227)
(0.02918593436 -0.02550934621 -0.03307287359)
(0.1079547787 -0.03456069593 -0.07950957855)
(0.1095560832 -0.07174657317 -0.09250647063)
(0.7276807753 -0.122853915 -0.2332465539)
(0.4931438291 -0.02709508775 -0.2136671577)
(0 0 0)
(0.5291469052 -0.02326411772 -0.4546858133)
(1.040128449 0.02560879951 -0.3144434256)
(0 0 0)
(0.8044919769 0.01870945276 -0.1655646146)
(0.9532841224 -0.06131998295 -0.4993781563)
(0.3464962224 -0.01199759706 -0.2537094727)
(0 0 0)
(1.010354795 -0.2214515394 -0.3013177562)
(0.4079724857 -0.07567407956 -0.2252404826)
(0.6993739609 -0.04852949968 -0.30097612)
(0 0 0)
(0.6078165992 -0.1284380147 -0.3218984679)
(0.2955821617 -0.1811796698 -0.2015945121)
(0.548268734 -0.08625278941 -0.1816001862)
(0 0 0)
(0.4102649138 -0.106119897 -0.2341853599)
(0.2648360292 -0.02756738341 -0.1951949753)
(0.04327840129 -0.02517906984 -0.03941221391)
(0.2016391738 -0.09846303392 -0.05655362963)
(0.3081438021 0.09605918887 -0.239005768)
(0.4212950394 -0.07719281623 -0.2264089285)
(0 0 0)
(0.5321769297 -0.08019976631 -0.3737671185)
(0.366242152 -0.04598582196 -0.3415671584)
(0.5717405691 -0.00716920648 -0.2479440777)
(0 0 0)
(0.4892255164 -0.03458647806 -0.3445687453)
(0.5149992604 -0.06082300906 -0.1283706223)
(0.210858972 -0.02364153045 -0.1094143737)
(0 0 0)
(0.5929100639 -0.1872525123 -0.2702929872)
(0.08992152386 -0.01234830789 -0.06850915235)
(0.2580604397 -0.01153524457 -0.1373614677)
(0 0 0)
(0.3155071952 0.0292032187 -0.2350448297)
(0.724190359 0.02722851314 -0.4374341131)
(0.5278908916 -0.02044599645 -0.2236507775)
(0 0 0)
(0.5699356028 -0.04894005055 -0.2530457605)
(0.5420949654 -0.1095847653 -0.2332952646)
(0 0 0)
(0.2411008433 -0.05232810818 -0.1711027685)
(0.1341074407 -0.08172061005 -0.03745624618)
(0.1289953654 -0.02418084693 -0.04719455699)
(0 0 0)
(1.173135742 0.008031126944 0.7782853811)
(0.7095992184 -0.3328633142 0.5632295867)
(0.9245692201 -0.07801787048 0.5567263915)
(0.3818315737 -0.03590028787 0.1952806229)
(1.014134511 -0.01969349637 0.7400932142)
(0.2399962663 0.04311206111 0.225940273)
(0.04034236517 0.001529211821 0.05068176885)
(0 0 0)
(0.01166388635 0.01455630888 0.03659451652)
(0.881962235 0.0143400605 0.5508403144)
(0.96631604 -0.05577052476 0.6063060781)
(0.9735819773 -0.1681527539 0.5850771021)
(0.425538963 -0.04427295902 0.352056317)
(0.6120049793 -0.01814393736 0.3218309951)
(0.5022711015 -0.0992301635 0.395625131)
(0.1140717829 -0.02423071408 0.1785784043)
(0 0 0)
(0 0 0)
(0.8944457307 -0.04702073167 0.443633384)
(1.13744175 0.03503178817 0.6476144166)
(0.3251356047 -0.02830678654 0.3413691837)
(0.2788707307 0.02691214568 0.3248611443)
(0.5936245534 0.001645253098 0.3470316476)
(1.593537389 -0.06008565166 0.7165614388)
(0.6976396765 0.154526135 0.3356845009)
(0.3048890827 -0.1043064 0.3472674174)
(0.3561992786 -0.09336631787 0.3397921179)
(0 0 0)
(1.194135052 0.0604492766 0.7678221625)
(0.1141666657 -0.1403743902 0.1585228408)
(0.01158273158 -0.05259738708 0.06673215056)
(0.9665701668 0.1047808837 0.6301971919)
(0.9073008442 0.01990851912 0.5070250207)
(0.9315947153 -0.09690313829 0.7331563856)
(1.409895638 0.0615092042 0.7625573827)
(1.005438537 -0.04219509576 0.6633651302)
(1.248538714 -0.1890991453 0.8282309402)
(1.211843891 0.05336593881 1.292767407)
(0.6512625321 -0.057141427 0.4135581366)
(0.7114907727 0.06361261257 0.6479380909)
(0.6458446032 -0.06027873552 0.3372970093)
(0.6493286427 -0.02597239008 0.3920393307)
(0.9724085279 -0.08108061228 0.6268338162)
(1.346081098 -0.223472479 0.8753451763)
(0.9989768716 -0.2191447014 0.7620483188)
(1.500510547 -0.2058030237 0.7176150023)
(0.5416473638 -0.1143791221 0.4954511563)
(0.7251848424 0.07331223683 0.5013690482)
(0 0 0)
(1.021301038 -0.14024862 0.6512661841)
(1.08641822 -0.1817062943 0.7527236809)
(1.222105713 -0.1845912085 0.8993760472)
(1.167311683 -0.04025646377 0.6513959816)
(0.6632453847 -0.1370062402 0.5418215579)
(1.025580284 0.1545036981 0.5255089949)
(0.7781673821 -0.2819034836 0.5952593783)
(0.9220318178 -0.1526297772 0.542925199)
(0.8594483063 0.1109313399 0.2752340426)
(0.9307487908 0.01684982183 0.5063226602)
(0.01958747315 -0.002277823784 0.02686512715)
(0.9828806522 0.07718444102 0.3841039982)
(1.038064941 -0.1759714814 0.6795944663)
(0.5899305633 -0.190818763 0.3213066263)
(0.8243692978 0.0113856865 0.298695734)
(0.3128606265 0.006587460608 0.2735075812)
(0.05354890841 -0.059898769 0.07145048154)
(0.1495757761 0.01334011416 0.2427340676)
(-0.002601962523 -0.001524697148 0.01055345046)
(1.34423019 0.00773795857 0.3122581104)
(0.8963071616 -0.03483752834 0.6234265851)
(0.5896819825 -0.232814538 0.2643196791)
(0.2140693558 -0.1750707873 0.1539526982)
(1.109121264 -0.160523282 0.6406991402)
(1.466758756 -0.08983496503 0.8373890044)
(0.8880430231 -0.0287133533 0.4823445189)
(1.426675834 -0.1889931301 0.7148910763)
(1.043831065 -0.03871961567 0.4961761943)
(1.411163725 -0.0007516873205 0.7348342912)
(0.8631237279 -0.0936876418 0.4276711637)
(1.013959362 -0.08616588505 0.5823779644)
(1.226127055 -0.1083028086 0.6775377034)
(0.8823523252 -0.1650588825 0.6284667251)
(0 0 0)
(0.9759735672 -0.0500975983 0.7741613932)
(1.126434846 -0.04091259139 0.7353863681)
(1.027547704 0.1490103601 0.953395809)
(1.059469804 0.009791607351 0.6959014808)
(1.449946939 -0.001595456406 0.9954663101)
(1.081324092 -0.04390164714 0.6893497162)
(1.176736412 -0.02631901668 0.7249391648)
(1.262101033 -0.1932696168 0.7225584995)
(1.048301003 0.0935932905 0.7189204899)
(1.35427565 -0.3557426458 0.8860130257)
(0.8706139895 0.03362187407 0.6793090031)
(0.9555076825 -0.1319038495 0.5075419317)
(1.084692916 -0.3378799413 0.7469993339)
(0.8001937096 -0.08154213461 0.3713128454)
(1.243514443 -0.2025658231 0.8052470857)
(1.448471491 -0.1822381128 0.6738688212)
(1.536995825 -0.1219234219 0.7701601877)
(0.87419359 -0.1019901689 0.5305114497)
(0.8399338413 -0.2133768119 0.4966815977)
(0.9716185409 -0.2766097835 0.6490103995)
(0.9714120909 -0.2082773799 0.4681334495)
(0.5834737682 0.008548140656 0.6192495528)
(0.9926922051 -0.1337525309 0.6361545155)
(1.167069067 -0.1297131613 0.5306342661)
(0.9700893242 -0.1070546744 0.5900821429)
(1.613214945 -0.1564814364 0.6810939659)
(0.3817258689 -0.2131822991 0.1802384673)
(0.6860331226 -0.08356264553 0.3681746025)
(0.1219743849 -0.02641416682 0.03711395645)
(1.173946988 -0.2509174267 0.5436917863)
(1.134261509 -0.05386000384 0.542803522)
(1.561466594 0.1403309209 0.6807062139)
(1.532623638 -0.09660753235 0.9969916953)
(1.161400698 -0.1731810974 0.4691031048)
(0.9714899382 0.2554325293 0.7134600196)
(1.52474104 -0.2095347159 0.8429878912)
(1.291223051 -0.007846484117 0.8169811388)
(1.368432162 0.09738186796 0.6291145321)
(1.264240128 -0.2996016364 0.6966823416)
(1.348081266 0.04941498253 0.8416862772)
(-0.0005105193516 -0.01113340743 0.02594594494)
(1.240613445 -0.1373298882 0.9855956036)
(1.179487746 -0.09413894064 0.4875564932)
(1.384884963 -0.09130815288 0.7316495194)
(1.125769805 0.01719939996 0.6658487099)
(1.351473305 -0.2035414613 0.7277092278)
(1.297384485 -0.1899051396 0.6069463062)
(1.063792242 -0.1247998456 0.6750620434)
(1.864738074 -0.1078338355 0.8796088867)
(1.097867092 -0.1996348059 0.5572456629)
(1.059231159 -0.2402076504 0.6134285215)
(1.073089527 -0.4404666742 0.6711471866)
(0.7809240132 -0.2267385147 0.6446977925)
(1.46473062 -0.3565331788 0.8321510837)
(0.7414691083 0.003607342311 0.6865299352)
(1.244057748 -0.3424834169 0.513456434)
(1.237779927 -0.142871757 0.4452027034)
(1.217506254 -0.1235313649 0.5414665446)
(0.7520399123 -0.2363126608 0.3548099148)
(1.279139682 0.02304371729 0.6823086115)
(1.452848586 0.01887884147 0.8187615997)
(1.065413553 -0.1949670716 0.5716177841)
(0.7828541537 -0.07306154981 0.4861996236)
(1.028996417 -0.1012763409 0.5287196501)
(1.602333189 -0.04712848874 0.6050838222)
(0.5306147617 -0.2024488474 0.3411841906)
(1.31897296 -0.1572711386 0.5440226977)
(0.08116997314 -0.05390492986 0.04984217679)
(0.07126715436 -0.06957671002 0.07688388957)
(1.731889616 0.1020400726 0.9239050083)
(1.376049302 0.2294448158 0.7830018429)
(1.96305238 -0.1464306313 0.8069823922)
(0 0 0)
(0 0 0)
(1.187151389 -0.1043797767 0.8773323023)
(1.87036056 -0.03964277475 1.114974211)
(1.714308368 -0.1721940952 0.9024931114)
(1.608116979 -0.06507457973 0.6006102537)
(1.911191045 -0.1170672997 1.069438815)
(1.464947618 -0.164395502 0.6352503124)
(1.888647531 -0.09475164934 0.7814776962)
(1.414391245 0.1109939584 0.6085460905)
(2.100869893 0.005635608375 0.9476483297)
(1.403629746 -0.04102772226 0.7680354152)
(1.037388624 -0.2245147292 0.4907654835)
(1.254324826 -0.1378717309 0.603376329)
(1.806258062 -0.3638376572 0.9021326994)
(1.374296967 -0.2658367138 0.7850036653)
(1.84871966 -0.2433768057 0.8937638997)
(1.506813769 -0.1928925806 0.772951255)
(1.21449983 -0.2443692183 0.8002877575)
(1.764709961 -0.1886003027 0.7429092566)
(1.189736905 -0.1740320324 0.6361924259)
(1.256178603 -0.2092855916 0.7429256877)
(1.769249345 -0.1760796738 0.8347921956)
(0.6517830579 -0.0823528646 0.3573533601)
(0.9814995649 -0.3043316176 0.4492160437)
(1.026005217 -0.05474169024 0.5454528648)
(1.473296467 -0.1440674636 0.7094143912)
(0.8235874285 -0.01426762324 0.5634671541)
(0.9231285354 -0.3253513917 0.5033746528)
(1.175314783 -0.1250279433 0.630394664)
(0.06120553265 -0.04147613734 0.05578825432)
(1.454816131 -0.08220872718 0.8039755206)
(1.873386696 0.1546852196 0.8069625901)
(1.945169002 -0.1168059576 1.168914724)
(1.574165109 -0.2623800451 0.9465096352)
(1.860424825 -0.122727535 0.9487066426)
(0 0 0)
(1.395005568 0.007339670115 0.7602275964)
(1.470243738 -0.01823710513 0.9829119983)
(1.84305501 -0.05066485433 0.830453918)
(1.791637896 0.06886096911 0.6905939334)
(1.865901853 -0.1432905485 0.7506486397)
(1.819462701 0.1861987654 0.8886144994)
(1.903724302 -0.1601394182 0.7969958869)
(1.853704641 -0.1825148298 0.9221436215)
(1.811107524 -0.07385571948 0.7703918471)
(1.693968426 -0.2203008088 0.74581579)
(1.897654434 -0.1383617978 0.6075823665)
(1.55065335 -0.2609268348 0.6604608374)
(1.619138823 -0.06037787879 0.7465666214)
(1.230701276 0.05957217462 0.5576810819)
(2.106789761 -0.1973323651 1.161342968)
(1.914870934 -0.2332161123 0.5702253277)
(1.91487573 -0.1901468266 1.10682134)
(1.132940261 -0.2663495014 0.6992220555)
(1.658091343 -0.4019906685 0.9215328499)
(1.383971476 -0.3245676896 0.8034218857)
(1.671951739 -0.1683168903 0.9236931)
(1.476019022 -0.2557855686 0.5604804597)
(1.130482588 -0.1495989452 0.5601489991)
(1.404328473 -0.2479915936 0.6194081331)
(1.738125945 -0.3952104474 0.5795306826)
(1.572446575 -0.165378027 0.6806838324)
(1.659457599 -0.4186646781 0.7840926434)
(1.508096155 0.01042170928 0.6522669836)
(1.439450446 -0.0496429273 0.6098442063)
(1.355977472 -0.3780957985 0.5942267956)
(0.6076102451 -0.231244816 0.1279954867)
(0.1867022444 -0.1331971972 0.1696866196)
(2.049142038 0.05416423167 0.8436630161)
(2.081821594 0.1435302025 0.7725994779)
(0 0 0)
(1.71842243 -0.1464454093 0.6876490317)
(2.009989828 0.004798532018 0.9851520511)
(2.27825945 0.005768857999 0.9983036681)
(2.013723719 -0.1447629784 0.9371459362)
(1.84189294 -0.1364463405 1.08333676)
(2.412491384 0.06422044078 0.9713870079)
(2.044588388 -0.176107043 0.7207473477)
(1.893921919 -0.118452138 0.8529695426)
(2.389127087 -0.1192011428 0.9036026357)
(2.171235561 -0.03088089803 0.907873088)
(1.986991543 -0.2527214343 0.8184759189)
(1.946846065 0.007391588272 1.03874922)
(1.790193466 -0.0502020879 0.8324358951)
(2.761259613 -0.7397536344 0.5639014701)
(1.651552086 -0.1548284419 0.8213794703)
(1.688510281 -0.1606183018 0.8765215953)
(1.509630071 -0.3953788876 0.8638365602)
(1.857879664 -0.3822678763 0.8335031538)
(2.197171904 -0.4330024596 1.032503232)
(2.215567309 -0.1872505658 0.9793201975)
(1.39408473 -0.3327174772 0.6374609723)
(1.057471454 -0.2190684772 0.4526042061)
(1.193543086 -0.255537354 0.5423118024)
(1.551451075 -0.4567630072 0.8248496148)
(1.339555225 -0.1685690983 0.6942559342)
(1.579007967 -0.07213869448 0.8411212099)
(1.450595721 0.02367345183 0.5120995581)
(0.425570005 -0.09854072097 0.2329618974)
(1.539999156 -0.02145963855 0.5232023965)
(1.464642785 -0.3261444861 0.3247949551)
(0.6563334284 -0.2166551179 0.3376274006)
(2.574031125 -0.04912852755 0.7365097501)
(2.332181952 0.03131655582 1.240518922)
(2.361103826 -0.08630259051 0.8383339597)
(2.132284057 -0.159289102 0.8214693533)
(2.512684802 -0.04827475347 1.123661199)
(2.604209565 -0.4307202109 0.8376516339)
(0 0 0)
(2.046821263 -0.08562997637 0.765275248)
(2.24269524 -0.2091906834 0.7910057954)
(2.766767549 -0.3299605669 0.943382202)
(2.409412171 -0.2220754324 1.347757827)
(2.439413588 0.06509625013 0.8149420355)
(2.260609105 -0.01370251278 0.7755946282)
(2.824827382 -0.2860942626 1.015257854)
(2.599654386 -0.3002019687 0.968842014)
(2.494125937 -0.1032004341 0.9237366164)
(1.94718978 -0.3320066801 0.9736874707)
(1.950650537 -0.2130893566 0.7667844707)
(2.594443321 -0.3882498921 0.7678244389)
(2.112910534 -0.2197609503 0.9609503996)
(2.279563806 -0.2939288065 0.9718239973)
(1.548854581 -0.2456997643 0.7632098903)
(2.062154837 -0.07716075786 0.7924049577)
(2.404418195 -0.4216500614 0.9686854997)
(2.07666776 -0.3243208239 1.065219532)
(1.8776838 -0.1990154856 0.9912496655)
(1.45331793 -0.3543754152 0.656005405)
(1.51505297 -0.142845467 0.5473856252)
(1.566256374 -0.243096169 0.4710526281)
(2.415434711 0.1238674771 0.996067214)
(2.40919314 -0.01314897723 0.6893242689)
(2.245731582 -0.1939471481 0.686669217)
(2.870548941 -0.2192381725 0.5439738141)
(3.10705837 -0.2088642847 0.9658531352)
(2.510186441 -0.3504351649 1.120246747)
(3.86450282 -0.05076444082 1.258666192)
(2.223552255 -0.1815687973 1.17030015)
(2.619709215 -0.500581942 1.020233886)
(1.742370361 -0.183852461 0.644729669)
(2.020466454 -0.1968739868 0.777104846)
(2.582734957 -0.3890414874 0.8862047286)
(1.883334562 -0.2393004074 0.6768379722)
(2.095136799 -0.2997614396 0.92696212)
(2.063534917 -0.3405413333 0.9175265299)
(2.350825768 -0.5367165923 0.9611799988)
(2.132846119 -0.0184743395 0.768119499)
(1.891605318 -0.09199043768 0.6217795633)
(2.381380838 -0.4743549362 0.7952270551)
(1.940653478 -0.2263857803 0.5549238853)
(2.498745923 -0.4621900156 0.6333026461)
(2.10024142 -0.232292014 0.7836988337)
(2.120605284 -0.3899130244 0.6262920709)
(2.351081671 -0.1389370607 0.8403762142)
(2.17560443 -0.4018661783 0.7617039931)
(2.001633137 -0.2381188589 0.7077757157)
(1.8714901 -0.4188716821 0.7660354483)
(1.469205122 -0.1814871939 0.3766643462)
(1.749950209 -0.3227383391 0.2757708574)
(0.5691892423 -0.2012554761 0.08570109744)
(2.694623918 0.1925810623 0.9704338203)
(2.761545074 0.06533626389 0.8310194174)
(2.796534348 -0.06169939442 0.9894793249)
(2.470069801 -0.1596612856 0.9734146923)
(2.733186847 -0.0747595626 0.8556641442)
(2.560926099 -0.1222809816 0.7081385511)
(2.074459057 -0.08312337148 0.652263687)
(2.344907573 -0.00229047431 0.7716984254)
(2.276000374 -0.116305576 0.8905320278)
(0 0 0)
(3.19754591 -0.4280243365 0.7681328356)
(2.36176569 -0.03711525748 0.9387174615)
(2.598390654 -0.09801992081 0.7532164442)
(3.131033794 -0.126732511 0.8992959021)
(2.747941479 -0.4598107597 1.001680799)
(2.328577049 -0.2552768663 1.028976691)
(2.976006334 -0.2637346336 0.9753124852)
(3.106697406 -0.09089481595 0.7387105177)
(2.230588427 -0.2257928681 0.829445263)
(2.508204934 -0.5071018073 0.7320516762)
(2.154037587 -0.1860586277 0.7443253674)
(1.817938554 -0.6511429087 0.8868432073)
(2.935473372 -0.3276955134 0.590783751)
(3.142323439 -0.430365359 1.158881342)
(2.123481481 -0.2024198659 0.7769340858)
(2.219235683 -0.1244180287 0.773750331)
(1.723488936 0.08404981419 0.8810550309)
(2.515776837 -0.3066617796 0.2513036167)
(2.3763892 -0.309172083 0.6707744969)
(2.84808694 -0.1137984153 1.127670248)
(3.093632337 -0.1205307173 1.007274078)
(3.618212496 -0.1149645227 1.208429565)
(3.117868632 -0.1706661093 0.9842652148)
(2.677219418 -0.02551097691 0.83952456)
(0 0 0)
(3.656441772 0.1722917756 0.962085524)
(3.096103819 -0.2069853765 1.07457822)
(3.174197734 -0.07526246564 1.092023176)
(2.372164136 -0.2475933458 0.7234541398)
(2.573535751 -0.2180985705 1.100957448)
(2.331671423 0.0650990115 0.8436836279)
(3.09639625 -0.01930389894 0.9704279168)
(3.042854465 -0.1814776734 0.6979962159)
(2.809762483 -0.4099529834 0.9375880482)
(2.767574311 -0.04797536162 1.148967111)
(2.979469946 -0.07586993645 0.9170443212)
(2.485357741 -0.4584001733 0.6836262259)
(2.92481994 -0.2109364443 1.047038167)
(2.951125736 -0.01168536137 1.104657193)
(2.83576252 -0.2585901096 0.9144888839)
(2.195933771 -0.3644583206 0.7646328663)
(2.569227988 -0.3316447576 1.015727319)
(2.09000285 -0.1299295554 0.6235660934)
(2.210593363 -0.4459530859 0.6859009575)
(2.494481547 -0.04160426761 0.9165296219)
(2.212249906 0.008470847973 0.8727439316)
(2.921645082 -0.429446243 0.4727087748)
(1.054271502 -0.3224560539 0.1403261652)
(2.979154948 0.08567455371 0.9188936128)
(3.126388049 -0.3430017354 1.029918145)
(3.196094646 0.047080144 0.8494804668)
(0 0 0)
(2.792797659 -0.1186740548 0.7996832908)
(2.97885491 -0.007526442289 0.8880756432)
(2.987081797 -0.06619317458 0.7622304002)
(3.323831296 -0.2221659622 1.094625358)
(3.078170182 0.3549403344 0.3620032248)
(2.585785139 -0.1314246233 0.951901816)
(3.103415079 -0.08444868428 0.8591618329)
(2.888210483 -0.4728903388 0.6158100795)
(3.495629719 -0.301315476 1.004675309)
(2.422955934 -0.4121850274 0.7093856171)
(3.154899335 0.1615632265 0.515102365)
(2.500124171 -0.1506775114 0.4787886357)
(2.416566996 -0.2816870878 0.8755910124)
(2.991337482 -0.5020760932 0.9833957629)
(2.407968235 -0.1824445663 0.8195936222)
(3.133222136 -0.3218370887 0.5557474383)
(1.86990968 -0.1092364617 0.7838697507)
(3.091257293 -0.2391231565 0.8562221712)
(2.67547239 -0.2638610315 0.617305804)
(2.373435384 -0.123500713 0.7699649026)
(2.545747247 0.1150331819 0.9460106577)
(3.3927095 0.2473815973 0.8046393737)
(2.410148531 -0.1712519046 1.025939291)
(2.089239009 -0.2495421217 0.3269429258)
(2.04647928 -0.3007331539 0.519906874)
(3.756479075 -0.4212651626 1.101235526)
(4.343637651 -0.04801173871 0.8329963886)
(3.937137878 -0.1375492467 1.124610682)
(3.720110034 -0.465901714 0.9792558683)
(3.148694105 -0.4264300698 0.9748400095)
(3.893501697 0.1391998167 0.7956316986)
(3.610358165 -0.1498814995 1.120794146)
(2.710468082 -0.2025276783 0.9576736482)
(3.333639296 -0.2456630437 0.8893490293)
(3.473520237 -0.1058695078 1.21813722)
(3.823249655 -0.1093072626 0.817697104)
(3.134252688 -0.2334679849 0.8538732048)
(3.10214741 -0.4847292811 1.01654396)
(2.796859556 -0.08901213619 0.8267014909)
(3.040547881 -0.4008554612 0.6054438353)
(2.805072556 -0.6297541441 0.7872565645)
(3.974341304 0.07484189886 1.009048772)
(3.789104922 -0.1996199187 1.116751631)
(3.598703159 -0.2254218028 0.8655040898)
(3.706842634 -0.05585041551 0.6864371578)
(2.831075741 -0.2417487842 0.9001219621)
(3.294655262 -0.2228578491 0.6004307563)
(2.793552639 -0.002892482525 0.9867180692)
(2.68804135 -0.2625710276 0.6314979751)
(2.950945085 -0.2334212764 0.5549985316)
(2.906365663 -0.5537867423 0.09868463465)
(1.952082 -0.4104465645 0.1466183333)
(1.464186741 -0.4914516029 0.02743374783)
(3.89715365 0.1933553055 1.313696445)
(3.795275895 0.1745111216 0.8935694609)
(3.634570499 -0.1962695125 0.86953537)
(0 0 0)
(3.357815943 -0.1571320617 0.9971691102)
(3.50142255 -0.2224521988 0.8302281809)
(3.287571741 0.3395515197 0.6491284511)
(3.554795371 -0.2675853137 1.117341943)
(3.692160345 0.01974545942 1.173931061)
(3.375708198 -0.06093574241 1.139248833)
(3.1204815 -0.2222344186 0.7412583381)
(2.809265197 -0.01006427391 1.164446653)
(3.447949547 -0.1342187103 0.9156563666)
(3.749029467 -0.130346094 0.8760019194)
(3.458512059 -0.07940490421 0.8626678031)
(3.892079668 -0.5009433858 1.147011355)
(3.141633786 -0.534267642 0.6977724461)
(2.975876333 -0.2096239951 0.9557550259)
(3.497811788 -0.3566586569 1.014208622)
(2.97243836 -0.2405488712 0.9907826497)
(2.917286836 0.08578681472 0.8450579354)
(3.257505126 -0.1790989666 0.7508265061)
(3.87018728 -0.5036042831 0.6888057402)
(3.172348298 -0.5701447501 0.03780291201)
(1.396181713 -0.4531114089 -0.2050564786)
(3.350529422 -0.1029377462 1.296460783)
(3.535817549 -0.04069241024 1.14676956)
(3.843312921 -0.05039024593 1.041121314)
(2.998078039 0.002000790674 1.096939176)
(3.441130318 -0.006790627514 0.9218074429)
(3.092334261 -0.1004320623 1.277703855)
(0 0 0)
(0 0 0)
(3.409418551 -0.1340733585 1.249837297)
(2.890749789 -6.216668907e-05 1.109183768)
(2.898945169 -0.1535190904 1.186276326)
(2.705965447 0.05946701091 0.9530007016)
(2.964087236 -0.02820335454 1.189941948)
(3.541526251 -0.1318352059 1.037249919)
(3.079297639 -0.02232719698 1.206801645)
(2.368230531 -0.2087105971 0.8004245799)
(3.478302148 -0.2736430658 0.7301307595)
(3.168039942 0.2490922154 0.7198452245)
(4.097397818 -0.1119167507 0.4958123676)
(2.837814954 -0.5905653528 -0.2899922045)
(3.807052441 -0.5134420539 0.3267748968)
(2.74735164 -0.4108216089 -0.1018611804)
(3.197230514 -0.2892782072 1.14951465)
(4.104033139 0.2240266004 0.57112201)
(4.395782408 -0.05569809549 0.3830148127)
(3.956484949 -0.3257266776 1.081358016)
(3.783201809 -0.3625595622 0.1716562326)
(3.846643518 0.05002548215 0.4414184971)
(4.361016373 -0.1306168681 1.245782301)
(4.16709049 0.2005185692 0.2274798264)
(2.715575011 -0.2030717295 -0.1221482273)
(4.20491328 -0.01363752002 0.5084143539)
(4.366243103 -0.5711221284 -0.3728569913)
(3.229180709 -0.1603858133 -0.2863753749)
(3.048452782 0.167616777 0.1193702709)
(3.510767806 -0.2466161335 -0.3575316138)
(2.367931331 -0.3182807409 -0.4855712962)
(2.544941994 -0.2035982588 -0.1253600496)
(1.98526218 -0.3502731183 -0.8294422114)
(0.4163369448 -0.1860036457 -0.08920327445)
(0.02455112108 -0.01489675561 -0.03317949265)
(3.414735619 -0.1191239752 -0.2217765869)
(3.316193327 -0.07534408407 -0.4946594494)
(2.13398637 -0.5078142863 -0.5329035775)
(1.147182321 -0.2066829042 -0.6083023991)
(1.24334473 -0.2126700996 -0.3254969762)
(1.007118452 -0.05537311064 -0.561936785)
(0.6015552214 -0.1030608968 -0.308783476)
(0.3718103536 -0.2189116831 -0.167841368)
(0.4339356333 0.04818904916 -0.2648185058)
(0.2517007206 -0.06191128274 -0.1870383322)
(0.4824561245 0.01544203865 -0.1754956259)
(0.5326257702 -0.1426903953 -0.2686785509)
(0.56605431 0.05270778476 -0.354543253)
(0.3586121329 -0.02971284613 -0.2120042507)
(0.4323351818 0.01309241124 -0.3327887893)
(0.3918665973 -0.1130369484 -0.2045241958)
(2.87958257 0.1114579611 1.143332017)
(1.295557896 -0.02883643443 0.7725975358)
(0.8095854128 0.05572269973 0.7851938243)
(0.6516966607 -0.01097253133 0.4223205686)
(0.4952794031 -0.005114627864 0.3033861382)
(0 0 0)
(0.01318247606 -0.0328246679 0.04056832481)
(0.1578895996 -0.01404215451 0.07947254612)
(0.9785047056 0.107018407 0.6093025262)
(1.144130881 0.01464865442 0.4723070304)
(0.9824104313 -0.1513229951 0.6259367744)
(1.070856205 -0.1840799924 0.5666929075)
(0.9237214738 -0.0691735603 0.6672042733)
(0 0 0)
(1.525313914 -0.5268918604 0.6363165837)
(-0.0004552427341 -0.02831313087 0.01895207393)
(0.001655852253 -0.01017005529 0.009688318822)
(0 0 0)
(0 0 0)
(1.545528724 -0.1738035772 1.017976349)
(1.073840697 -0.05906851563 0.4969637271)
(1.465289604 0.042714208 0.6123100693)
(1.569338417 -0.3529654037 0.839303009)
(0 0 0)
(0.8153443137 -0.2138742323 0.5004405326)
(1.1455984 -0.1072527396 0.519099155)
(1.666751259 -0.07045744376 0.8708729987)
(1.294928861 -0.1462892524 0.5281173564)
(1.098904156 0.02920286419 0.8582019675)
(1.431961601 0.02762767537 0.8800119134)
(0 0 0)
(1.021923419 0.1259512042 0.8416886872)
(1.976445842 -0.1887089659 0.7778224504)
(0 0 0)
(1.392230918 -0.29983469 0.6811422046)
(0 0 0)
(0.9992067804 -0.04101959525 0.5388378553)
(0 0 0)
(0.5057335919 -0.1711323567 0.3331239369)
(1.366034817 -0.09972484141 0.6215161019)
(0.2879275145 -0.06291446348 0.1073558906)
(0 0 0)
(0.002424146248 -0.01440441184 0.02059540778)
(0 0 0)
(1.573041976 -0.1671813238 1.134496248)
(1.584085156 -0.06972096421 0.8643157414)
(0 0 0)
(1.47723378 -0.3476616089 0.7992645981)
(0 0 0)
(0 0 0)
(1.144836481 -0.3182181153 0.7487755936)
(0 0 0)
(0 0 0)
(0 0 0)
(1.502785402 -0.2856492013 0.6181084296)
(0 0 0)
(1.620588649 0.09902339649 0.896935183)
(1.916125913 0.3345855017 0.7985827534)
(2.409155325 0.1672602043 1.035127269)
(1.995622599 -0.2415516521 0.6989102566)
(0 0 0)
(0 0 0)
(1.421476207 -0.04903425565 0.5645613346)
(0 0 0)
(1.956573604 -0.2156368647 0.7878740826)
(0 0 0)
(0 0 0)
(0 0 0)
(0 0 0)
(1.996434382 -0.05009433502 0.876059802)
(2.645048676 -0.2703233587 0.907243749)
(0 0 0)
(0 0 0)
(2.293009577 -0.3445062002 1.203648548)
(2.282467311 0.1038237973 0.9048704151)
(1.980010354 -0.296180756 0.8199229395)
(2.181281096 -0.03570576661 0.6695534393)
(0 0 0)
(1.952540151 -0.09134486415 0.7306993103)
(0 0 0)
(0 0 0)
(0 0 0)
(0 0 0)
(2.434585038 -0.1475527462 1.153691375)
(0 0 0)
(2.717283215 -0.1212393234 0.7876234349)
(0 0 0)
(2.151261158 0.06150430767 0.9391212849)
(1.706176998 -0.0795119747 0.6607988576)
(0 0 0)
(0 0 0)
(0 0 0)
(1.76886851 0.1539678106 0.7577478092)
(1.903628788 0.03104794524 0.9057085485)
(0 0 0)
(0 0 0)
(0 0 0)
(0.1808309349 -0.08911782646 0.04299300995)
(0.03096830346 -0.03582453031 -0.00503815864)
(0 0 0)
(0 0 0)
(0 0 0)
(2.674388267 -0.2777697952 1.139779614)
(2.24205737 -0.2311645037 0.8082417384)
(2.467812245 -0.04080130077 0.9242051192)
(1.773085339 -0.2542657125 0.8154249004)
(2.472472545 -0.0716636047 0.9226241034)
(0.1711258057 -0.1293817298 -0.002318666681)
(0 0 0)
(2.74041873 -0.3173526903 0.904179072)
(0 0 0)
(2.593470769 -0.2239215975 0.732076518)
(3.07905945 -0.5450496851 0.9277909558)
(2.901722243 -0.003671231478 0.6271787287)
(2.428453441 -0.4053564668 0.5246934948)
(1.650362292 -0.6142165832 0.3110659282)
(0 0 0)
(3.132650287 0.2907201782 0.7920877316)
(2.700286932 -0.006604026091 0.9689322309)
(2.384748145 0.1670813272 0.6789850102)
(2.615901091 -0.3980458314 0.9320511158)
(3.135242127 -0.6680599613 1.096540265)
(0 0 0)
(2.370263276 -0.2250130012 0.5428899126)
(2.518755521 -0.2892888535 0.7891238209)
(0.9822424286 -0.327881451 -0.1765050231)
(0.01585513117 -0.02028083524 -0.05728908966)
(0.1011213893 -0.0433433034 -0.06921354052)
(0 0 0)
(0 0 0)
(0 0 0)
(0 0 0)
(0 0 0)
(3.266037538 -0.3620259225 0.9816895793)
(0.03018204861 -0.03227230806 -0.01725801527)
(0 0 0)
(2.580809074 0.03735846237 0.8150380854)
(0 0 0)
(0 0 0)
(0.008839429143 -0.01817853454 -0.004390181539)
(0.0399564994 -0.007188956716 -0.03105513617)
(3.585775705 0.1197738136 0.7562875774)
(0 0 0)
(0 0 0)
(2.651818406 -0.1531991113 0.6682479086)
(3.361852993 -0.07083032874 1.152012471)
(3.61272081 0.1719119131 1.078528163)
(-0.00755958104 -0.005106987331 -0.001484761635)
(0 0 0)
(2.767692656 -0.1026568036 0.8758609821)
(2.927499413 -0.0860658837 0.9249909205)
(0.07311389098 -0.06488701884 -0.05727660267)
(0 0 0)
(0.09343880928 -0.06476520084 -0.05879608676)
(0.1643747795 -0.1096313034 -0.08255692871)
(0.111221923 -0.05222795932 -0.07077147892)
(0 0 0)
(0 0 0)
(0 0 0)
(0 0 0)
(0 0 0)
(0 0 0)
(0 0 0)
(4.025506358 -0.04967881829 1.240565087)
(0 0 0)
(0 0 0)
(3.446047775 -0.3766994296 0.5128350748)
(0 0 0)
(0.04292756746 -0.02191353864 -0.01342068696)
(0.7050200516 -0.1712068084 -0.2734600773)
(0.2742716761 -0.08860101955 -0.20655882)
(0.2282141566 -0.1326923399 -0.159925157)
(0.2428943989 -0.08223772562 -0.1707830161)
(2.606167503 -0.0107215816 0.7952605182)
(3.894473846 -0.3503914603 0.9668388554)
(3.966302639 -0.2284884636 0.4099571055)
(4.505649165 -0.1575190166 0.4262988738)
(0 0 0)
(0 0 0)
(0.1059390484 -0.102444944 -0.1005783234)
(0.06408700141 -0.06894066916 -0.02082203785)
(0 0 0)
(3.344270086 -0.08595007256 -0.5154992004)
(1.790020858 -0.1282154081 -0.5174425253)
(3.371571799 -0.04380309584 -0.6670753183)
(1.777287632 -0.158305286 -0.6380938879)
(3.079922374 -0.03223755124 -0.5271939206)
(1.859223485 -0.2854811301 -0.5759423624)
(0.6605267854 -0.008583367187 -0.3981408764)
(0.7866396517 -0.07091344855 -0.3775393071)
(0.8252144312 -0.1117409149 -0.3288476993)
(0.5269569898 -0.06443016535 -0.3815258028)
(0.4699601054 -0.08112530966 -0.09749299613)
(0.5309189941 -0.1168138959 -0.2221784798)
(0.3301653396 -0.02638109912 -0.1564912562)
(0.3190125601 -0.170954417 -0.2552289129)
(0.4396841401 -0.1144172211 -0.3003917606)
(0.1984359341 -0.05476407232 -0.1340818947)
(0.0511025808 -0.05221829413 -0.02094476362)
(0.09000371434 -0.07692910769 -0.0659116647)
(0 0 0)
(0.9184075342 -0.01970708721 -0.3203272399)
(0.32535417 -0.02039871911 -0.2006386066)
(0.7231116862 -0.2002231311 -0.4537454157)
(0.6592209939 -0.1243990185 -0.4661093214)
(1.099913771 0.0245313819 -0.4612234353)
(0.5330179142 -0.1858780458 -0.2627598364)
(0.3637495863 -0.179758639 -0.2351904238)
(0.3215109691 -0.052653628 -0.1821738366)
(0.4924121085 -0.1727772731 -0.2033431385)
(0.3402548418 -0.107700907 -0.2529649311)
(0.5593879908 -0.2036887258 -0.1394411174)
(0.3253254387 -0.0294027276 -0.1388748366)
(0.2654718099 -0.1642548934 -0.1279708243)
(0.6231560274 -0.2139062277 -0.3100690249)
(0.2029107481 -0.09409264374 -0.08782603136)
(0.05705362093 -0.01855411408 -0.03868326495)
(0.2081967338 -0.09888921337 -0.1021863481)
(0 0 0)
(0 0 0)
(0.03189579874 -0.03505280551 -0.04700203493)
(0.2332223262 0.07236200389 -0.2162183088)
(0.5091491736 0.05351643452 -0.2195863253)
(0.4597101488 -0.03272727363 -0.213330622)
(0.2898434401 -0.09871992523 -0.1348158985)
(0.6874644582 -0.11028861 -0.2950437789)
(0.1802540087 -0.1098379701 -0.1356103262)
(0.1507697137 -0.02230411403 -0.04655506503)
(0.08940450267 -0.1003273965 -0.07333104993)
(0.1151461197 -0.06129258865 -0.03153629953)
(0.0907263409 -0.07066774251 -0.03555600235)
(0.16887955 -0.03139555082 -0.1114161193)
(0.1866019573 -0.01425483708 -0.1027959528)
(0.05810871435 0.005496983919 -0.05995722978)
(0.1788682619 -0.02235832616 -0.1021308898)
(0.455164824 -0.0817666056 -0.1622118)
(0.4625982677 -0.05312231538 -0.2244337574)
(0.005433066444 -0.02133612535 0.03623223482)
(0 0 0)
(0.1129674158 -0.002865106486 0.1404388195)
(0 0 0)
(0 0 0)
(0 0 0)
(0 0 0)
(0 0 0)
(0 0 0)
(0 0 0)
(0 0 0)
(0 0 0)
(1.188680725 -0.109715254 0.7149167367)
(0 0 0)
(0 0 0)
(0 0 0)
(0 0 0)
(0.7903384433 -0.2297106207 0.5312648627)
(0.06839493023 -0.04464989695 0.08830610143)
(-0.007227499378 -0.0132992983 0.03263333883)
(-0.005877606477 -0.002425239896 0.02222829415)
(0.8707573238 -0.09035832205 0.5610027457)
(0 0 0)
(0 0 0)
(0 0 0)
(0 0 0)
(0 0 0)
(0 0 0)
(0 0 0)
(0 0 0)
(0.7851660583 -0.01558557096 0.5404245367)
(0 0 0)
(0 0 0)
(0 0 0)
(0.92586672 -0.1876102766 0.6865061646)
(0 0 0)
(0 0 0)
(0 0 0)
(1.062751477 -0.1726548843 0.6702034431)
(0 0 0)
(0 0 0)
(0 0 0)
(0.6653491762 -0.0573810281 0.3260246567)
(0.06069964861 -0.05947743713 0.05683628318)
(0 0 0)
(0 0 0)
(0 0 0)
(0.1591432875 -0.1020638766 0.173913309)
(0 0 0)
(-0.008191745892 0.01901398471 0.05051739427)
(0 0 0)
(0 0 0)
(-0.01380831441 -0.01063010684 -4.220923987e-05)
(0 0 0)
(0 0 0)
(0 0 0)
(0 0 0)
(0 0 0)
(0 0 0)
(0 0 0)
(0 0 0)
(0 0 0)
(0 0 0)
(0 0 0)
(0 0 0)
(0.969622903 0.009093731888 0.6480529909)
(0 0 0)
(0 0 0)
(0 0 0)
(0 0 0)
(-0.01030085493 -0.01974433282 0.01629757674)
(0 0 0)
(0 0 0)
(0 0 0)
(0 0 0)
(0 0 0)
(0.2870273175 -0.1367754802 0.2266085126)
(0 0 0)
(0 0 0)
(0 0 0)
(0 0 0)
(0 0 0)
(0 0 0)
(0 0 0)
(0 0 0)
(1.367396764 -0.1935823171 0.7628506693)
(0 0 0)
(0 0 0)
(0 0 0)
(0 0 0)
(0 0 0)
(0 0 0)
(1.34378578 -0.119922777 0.9374088311)
(0 0 0)
(0 0 0)
(0 0 0)
(0 0 0)
(0 0 0)
(0 0 0)
(0 0 0)
(0 0 0)
(0 0 0)
(0 0 0)
(0 0 0)
(0 0 0)
(0 0 0)
(0 0 0)
(0 0 0)
(0 0 0)
(0.3215097295 -0.077817286 0.1206675259)
(0.03324699953 -0.006021646854 0.05791984342)
(0 0 0)
(0.03098529619 -0.04367357862 0.0105053417)
(0 0 0)
(0 0 0)
(0 0 0)
(0 0 0)
(0 0 0)
(0 0 0)
(0 0 0)
(0 0 0)
(0 0 0)
(0 0 0)
(0 0 0)
(0 0 0)
(0 0 0)
(1.635179679 -0.06862461615 0.9139123914)
(1.40834793 -0.5543103713 0.7438583155)
(1.701454973 -0.2082539021 1.094087554)
(0 0 0)
(0 0 0)
(0 0 0)
(0 0 0)
(0 0 0)
(0 0 0)
(0.009419834203 -0.02113471514 0.004179415807)
(0 0 0)
(0 0 0)
(0 0 0)
(0 0 0)
(0 0 0)
(0 0 0)
(0 0 0)
(1.237958037 -0.06186749366 0.5964773011)
(0 0 0)
(0 0 0)
(0.1126012052 -0.2152881194 -0.002494377853)
(0.1352026165 -0.09285786241 0.003419803438)
(0 0 0)
(0 0 0)
(0 0 0)
(0 0 0)
(0 0 0)
(0 0 0)
(0 0 0)
(0 0 0)
(0 0 0)
(0 0 0)
(0 0 0)
(0 0 0)
(0 0 0)
(0 0 0)
(0 0 0)
(1.995655816 -0.2892056657 0.8433090892)
(2.075996119 -0.2909161439 0.7973699919)
(0 0 0)
(0 0 0)
(0 0 0)
(0 0 0)
(0 0 0)
(0 0 0)
(0 0 0)
(0 0 0)
(0 0 0)
(0 0 0)
(0 0 0)
(0.01676363787 -0.03200426553 -0.01158576782)
(0 0 0)
(0 0 0)
(0 0 0)
(0 0 0)
(0.2956436557 -0.1163749118 0.09457267564)
(0.311541586 -0.08845706809 0.09496808297)
(0.4657104367 -0.1827347128 0.1923304045)
(0.09937677863 -0.1402365479 0.01792962675)
(0 0 0)
(0.01415665564 -0.02369696585 0.015715026)
(0.08642330302 -0.08771671236 -0.01273032424)
(0 0 0)
(0 0 0)
(0 0 0)
(0 0 0)
(0 0 0)
(0 0 0)
(0 0 0)
(0 0 0)
(0 0 0)
(0 0 0)
(2.469047877 -0.2906248492 0.8640475503)
(0 0 0)
(0.005614031771 -0.02253278119 0.0299610166)
(0 0 0)
(0 0 0)
(0 0 0)
(0 0 0)
(0 0 0)
(0 0 0)
(0 0 0)
(0 0 0)
(-0.006254297848 -0.003982570331 0.006768662891)
(0 0 0)
(0 0 0)
(0 0 0)
(0 0 0)
(1.363570932 -0.1978735763 0.6440428995)
(2.038647912 -0.1944586223 0.8538254789)
(1.534446237 -0.152595803 0.6379819374)
(2.127191707 -0.1540463658 0.8491452792)
(0 0 0)
(0 0 0)
(0 0 0)
(0 0 0)
(0 0 0)
(0 0 0)
(0 0 0)
(0 0 0)
(1.608588769 0.09794540153 0.6530801357)
(1.215062408 -0.4119648906 0.3252396684)
(0.3419608568 -0.07313722543 0.08969432634)
(0.7402134466 -0.3323051426 0.1814698213)
(0.2077327552 -0.1646364555 0.03567974645)
(0 0 0)
(0.06272196365 -0.06198884468 -0.007014293827)
(0.01054333769 -0.02302189619 -0.003138096408)
(0 0 0)
(-0.01266188391 -0.002235602107 -0.009550484608)
(0 0 0)
(-0.001143661952 -0.02042385999 0.007996008306)
(0 0 0)
(0 0 0)
(0 0 0)
(2.45714401 -0.1754617133 0.8501175163)
(0 0 0)
(0 0 0)
(0 0 0)
(0 0 0)
(0 0 0)
(0 0 0)
(0 0 0)
(0 0 0)
(0 0 0)
(0 0 0)
(0 0 0)
(0 0 0)
(0 0 0)
(0 0 0)
(0 0 0)
(0 0 0)
(1.872610226 -0.3259575787 0.7717046106)
(0 0 0)
(0 0 0)
(1.905925644 -0.3272088675 0.5870696621)
(2.025275002 -0.3806317061 0.5456119979)
(0 0 0)
(0 0 0)
(0 0 0)
(0 0 0)
(0 0 0)
(0 0 0)
(0 0 0)
(0 0 0)
(0 0 0)
(0 0 0)
(0 0 0)
(0 0 0)
(0.3524529252 -0.1757464292 0.08707291107)
(0.6332693762 -0.2067161982 0.1061616303)
(0.05115605834 -0.0743148845 0.005419244691)
(0 0 0)
(0.0112655434 -0.02286939652 -0.01671944631)
(0 0 0)
(0.2991328577 -0.08656887844 0.000309385864)
(0 0 0)
(0 0 0)
(0 0 0)
(0 0 0)
(0 0 0)
(0 0 0)
(0 0 0)
(0 0 0)
(0 0 0)
(2.565676749 -0.1638637904 0.9708269006)
(0 0 0)
(0 0 0)
(0 0 0)
(0 0 0)
(0 0 0)
(0 0 0)
(0 0 0)
(0 0 0)
(0 0 0)
(0 0 0)
(0 0 0)
(0 0 0)
(0 0 0)
(2.112497581 -0.2674202346 0.9971125534)
(2.859340221 -0.3320700794 1.177342922)
(0 0 0)
(0 0 0)
(0 0 0)
(2.673293492 -0.5062392807 1.075964926)
(0 0 0)
(0 0 0)
(0.02067732251 -0.04021022563 0.001776210149)
(0.03550525166 -0.03721000965 -0.007729042708)
(0 0 0)
(2.402201495 -0.02848564949 0.9261566888)
(0 0 0)
(0 0 0)
(0 0 0)
(0.03326301174 -0.04676804572 -0.0526917425)
(0.1029226143 -0.1233013549 -0.1028379008)
(1.931989119 -0.4747470512 0.4172509896)
(0.5232695948 -0.3229059151 0.07222299259)
(0.7310541672 -0.1666489288 0.01403493476)
(0.4663434882 -0.2450976814 -0.1569991149)
(0.1787753936 -0.1351041414 -0.01618172617)
(0.2321508962 -0.1411472494 -0.09538020151)
(0.05390290764 -0.0376241371 -0.01500638358)
(-0.0004235418942 -0.01067086687 0.002168680384)
(0 0 0)
(0.01729182421 -0.0478265498 -0.01215617951)
(0 0 0)
(0 0 0)
(0.03580981214 -0.05657894064 -0.001161164585)
(0 0 0)
(0 0 0)
(0 0 0)
(0 0 0)
(0 0 0)
(0 0 0)
(0 0 0)
(0 0 0)
(0 0 0)
(0 0 0)
(0 0 0)
(0 0 0)
(0 0 0)
(0 0 0)
(0 0 0)
(0 0 0)
(0 0 0)
(0 0 0)
(2.545423921 -0.581577691 1.019615764)
(0 0 0)
(0 0 0)
(0 0 0)
(0 0 0)
(0 0 0)
(0 0 0)
(0 0 0)
(0.0437658721 -0.06864518523 -0.00600917511)
(0 0 0)
(3.071699839 -0.04392772457 0.7869044702)
(0 0 0)
(0 0 0)
(0 0 0)
(0 0 0)
(0 0 0)
(0 0 0)
(0.005612724792 -0.01128776729 -0.00844173943)
(0 0 0)
(0 0 0)
(0 0 0)
(0 0 0)
(0 0 0)
(0 0 0)
(2.545626554 -0.715784673 0.6169544293)
(1.035418068 -0.5226417727 0.07913098831)
(0.8237164388 -0.2244714747 -0.1226804469)
(0.1772754817 -0.07612903469 -0.05730914615)
(0.08325893118 -0.0401503915 -0.03245438157)
(0.2376369716 -0.1416686788 -0.08469029601)
(0.04605912752 -0.04635207356 -0.03909313177)
(0 0 0)
(0.04442548441 -0.06511301441 -0.008971749262)
(0.07337861027 -0.04816150207 -0.06064829038)
(0.03604314035 -0.05446187959 -0.01902024182)
(0 0 0)
(0.01674816272 -0.007851781549 -0.005273779207)
(0.009741680564 -0.02844900578 -0.04542626443)
(0 0 0)
(0 0 0)
(0 0 0)
(0 0 0)
(0 0 0)
(0 0 0)
(0 0 0)
(0 0 0)
(0 0 0)
(0 0 0)
(0 0 0)
(3.176594707 -0.3357855257 0.8677758147)
(0 0 0)
(0 0 0)
(0 0 0)
(2.795927173 -0.4057897967 0.81386576)
(0 0 0)
(-1.882514701e-05 -0.02914339409 0.009963582138)
(0 0 0)
(0 0 0)
(0.01063626528 -0.03594859985 0.01443516451)
(0 0 0)
(0 0 0)
(0 0 0)
(0 0 0)
(0 0 0)
(0.01892182196 -0.03601729989 -0.02194992758)
(0 0 0)
(0.01560956479 -0.01634420936 -0.04427464858)
(2.634476125 -0.3015151134 0.9106439302)
(-6.040695451e-05 -0.0100550615 -0.04614238001)
(-0.008393086102 -0.03421354502 -0.02716007001)
(0 0 0)
(0.06218780856 -0.08763545308 -0.07340343787)
(0.01427848619 -0.02120498429 -0.01727411413)
(0 0 0)
(0 0 0)
(0 0 0)
(1.89130494 -0.4934715055 0.0975966082)
(1.004226719 -0.4317297024 -0.01642642585)
(0 0 0)
(0.03560370074 -0.01448687626 -0.01001963141)
(0.02563628259 -0.03411408193 -0.0178573859)
(0.04073747528 -0.02456222247 -0.02823073029)
(0.03620774445 -0.01219502653 -0.03446119398)
(0.04544763645 -0.0332802532 0.005677391901)
(0.02809726916 -0.03597512152 -0.03809441907)
(0 0 0)
(0 0 0)
(0.09334317817 -0.06184548198 -0.06127870276)
(0.03003878597 -0.03290503211 -0.01769264215)
(1.288421154 -0.3100542543 0.008864093113)
(1.46076242 -0.5044205864 -0.02966245582)
(0.1537663822 -0.09595243629 -0.05645431226)
(0.2286286137 -0.1031684307 -0.04096789798)
(0.09628153563 -0.06463319503 0.02058463467)
(0.09848975687 -0.08391332269 -0.1121030194)
(0.04448101209 -0.03550169147 -0.02284111619)
(0 0 0)
(0 0 0)
(0 0 0)
(0 0 0)
(0 0 0)
(0 0 0)
(0 0 0)
(0 0 0)
(0 0 0)
(0 0 0)
(0 0 0)
(0 0 0)
(0 0 0)
(0 0 0)
(0 0 0)
(0 0 0)
(0 0 0)
(0 0 0)
(0.01906083546 -0.03403157385 -0.03541037102)
(0 0 0)
(0 0 0)
(0 0 0)
(0 0 0)
(0 0 0)
(0 0 0)
(0 0 0)
(0.01605533598 -0.01932674716 -0.007762285747)
(0 0 0)
(0 0 0)
(0 0 0)
(2.318347792 -0.2656856166 0.2213022202)
(2.182037122 -0.5506419757 0.0106884601)
(0.08177152652 -0.06710309816 -0.01236617213)
(0.05624699926 -0.1152176327 -0.1177730739)
(0.06314285165 -0.04638425124 -0.03076897403)
(0.09446725041 -0.07794714479 0.003390821213)
(0.03457027139 -0.03075747319 -0.03401520381)
(0 0 0)
(0.03949732663 -0.03174404616 -0.01007745199)
(0.0464639979 -0.04375709039 0.02258815293)
(0.1437759926 -0.1414912967 -0.0305359845)
(0.07879550422 -0.09156073946 -0.02371685167)
(1.806143076 -0.6900602432 -0.09354985021)
(0.3512228426 -0.1809593082 -0.1531615673)
(0.02067222542 -0.08616838886 -0.07282746425)
(0.04647935254 -0.0262809193 -0.06037141576)
(0.08386734888 -0.03085634602 -0.06297324833)
(0.01095650948 -0.01784494945 0.008370052767)
(0.06201821139 -0.04684408752 -0.005740511374)
(0.1108513017 -0.1545203996 -0.07768779163)
(0.05445348853 -0.03584658521 -0.04043773119)
(0 0 0)
(0 0 0)
(0 0 0)
(0 0 0)
(0 0 0)
(0 0 0)
(0 0 0)
(0 0 0)
(0 0 0)
(0 0 0)
(0 0 0)
(0 0 0)
(0 0 0)
(0 0 0)
(0 0 0)
(0 0 0)
(2.747331423 -0.1375143541 1.068461318)
(0 0 0)
(0 0 0)
(0 0 0)
(0 0 0)
(0 0 0)
(0 0 0)
(0 0 0)
(0 0 0)
(0 0 0)
(0 0 0)
(0 0 0)
(0 0 0)
(3.018399149 -0.6021449864 0.1850580298)
(3.273011485 -0.6184054601 -0.13802514)
(0.03210914008 -0.009430861653 -0.02274299274)
(0.05156482683 -0.02903005172 -0.008994407116)
(0.09563905725 -0.07103994034 -0.02014666295)
(0.09428135133 -0.08940272185 -0.07422874028)
(0.08453927694 -0.06073865692 -0.005040747061)
(0.0362311742 -0.02203757281 -0.02987325115)
(0 0 0)
(0.01831221704 -0.002662801472 -0.02159821547)
(0 0 0)
(1.002514194 -0.3995099871 -0.1783884405)
(0.3530811758 -0.2184577013 -0.1033993128)
(0.1579012459 -0.116021128 -0.04548770965)
(0.09250215191 -0.062208365 -0.04028920258)
(0.248771199 -0.1176097694 -0.14913336)
(0.08047890508 -0.02090314677 -0.08082725269)
(0.09610909005 -0.04729667052 -0.04423905446)
(0.0963925216 -0.04995163076 -0.07997652662)
(0.03770218745 -0.02347474828 -0.02688800397)
(0.2211957506 -0.1538147989 -0.159711296)
(0.04592118428 -0.01141597216 -0.02298477406)
(0.1783343766 -0.1032524073 -0.05636023562)
(0.04402773585 -0.01326349387 -0.02401404757)
(0.0568320571 -0.03654007642 -0.0456396645)
(0.08354288422 -0.03755290177 -0.0101922565)
(0.0356042314 -0.04782112699 -0.01159612125)
(0.06023384096 -0.006869967028 -0.08248726445)
(0.160480365 -0.1598645764 -0.07746952755)
(0.01714940138 -0.03997536531 -0.03253989884)
(0.06370360265 -0.04909816854 -0.06636930795)
(0 0 0)
(0.05871163653 -0.04500376012 -0.02340248318)
(0.5764437836 -0.2248803878 -0.006465437018)
(0.1445522294 -0.04783390167 -0.0557688597)
(0.1354198382 -0.01034014298 -0.1218699201)
(0 0 0)
(0 0 0)
(0 0 0)
(0 0 0)
(0 0 0)
(0 0 0)
(0 0 0)
(0 0 0)
(0 0 0)
(3.797668475 0.2323192574 1.421796603)
(0 0 0)
(0 0 0)
(0 0 0)
(0 0 0)
(0 0 0)
(0 0 0)
(4.199916477 -0.2812624532 0.101378875)
(2.232351894 -0.4197568392 -0.4403400843)
(0.05559130746 -0.05253276997 -0.03174928886)
(0 0 0)
(0 0 0)
(0.02521184357 -0.03089815946 -0.001588705359)
(0 0 0)
(0 0 0)
(2.27411175 -0.4097402355 -0.2731050679)
(1.278172244 -0.2599379211 -0.3202948584)
(0.2908010599 -0.1478971245 -0.1458497283)
(0 0 0)
(0.194021919 -0.05822596555 -0.1573888321)
(0.03867012901 -0.01189485278 -0.01966104129)
(0 0 0)
(0.06068046732 -0.05807726734 -0.04401328134)
(0.094514715 -0.09499565108 -0.02119480308)
(2.10809992 -0.3715411067 -0.03506333817)
(1.163954421 -0.1918767835 -0.2662320062)
(0.7204865484 -0.08793384042 -0.3397030799)
(0.4233977499 -0.1292883809 -0.3678174379)
(0.2326305136 -0.07665129561 -0.06683305541)
(0.2018398997 -0.1144069813 -0.1672397406)
(0.2948188283 -0.07597897775 -0.2127929315)
(0.1468427907 -0.0415274416 -0.1001379489)
(0.3055644661 -0.1818432822 -0.1460632261)
(0.1727546387 -0.04461084225 -0.05992920406)
(0 0 0)
(0.1134773463 -0.0690670682 -0.0536415555)
(0.0871955812 -0.06064864121 -0.04437304986)
(0.1741275371 -0.09568999287 -0.0692393769)
(0.05588979568 -0.02860549174 -0.01887255039)
(0.1197662524 -0.07338823786 -0.09879261716)
(0.1275021048 -0.06968210606 -0.07602454515)
(0.02301904594 -0.03225346795 -0.02216020738)
(0.252497316 -0.1222610146 -0.1061775706)
(0.05987309909 -0.0531240111 -0.02920604053)
(-0.01598942664 -0.02882317531 -0.0262052829)
(0 0 0)
(0.06118518216 -0.04420103722 -0.06734527145)
(0.1026013707 -0.08493064799 -0.0997090412)
(0 0 0)
(0.07061044567 -0.03739941917 -0.078510418)
(0.2029049612 -0.1484391027 -0.03871039742)
(0.2579836447 -0.1696127218 -0.1267813565)
(0 0 0)
(0 0 0)
(0 0 0)
(0 0 0)
(0 0 0)
(0 0 0)
(0.04893138118 -0.001898850476 -0.1071134606)
(0 0 0)
(0 0 0)
(0 0 0)
(0 0 0)
(0 0 0)
(0 0 0)
(0 0 0)
(0 0 0)
(1.845210237 -0.1557262528 -0.5860434702)
(0.2991063493 -0.04953904259 -0.1450535354)
(0 0 0)
(0 0 0)
(0 0 0)
(0 0 0)
(0 0 0)
(1.429421046 -0.359072031 -0.4328755134)
(0.7335445421 -0.1841511142 -0.3934420837)
(0.2884655086 -0.04316140271 -0.1197486354)
(0.1691064032 0.007465118825 -0.1015617281)
(0.4182527363 -0.09764097862 -0.1412383214)
(0.1659269562 -0.008841833107 -0.01895757395)
(0.2564469203 -0.09256729156 -0.1330733501)
(0.4816246973 -0.02965267607 -0.3027590433)
(0.2606357839 -0.07551512226 -0.07215668268)
(0.1498072116 -0.04405275019 -0.06370414489)
(0.1382451372 -0.09019370525 -0.07885848726)
(0.1022325321 -0.08876781568 -0.01598179296)
(0.04233949663 -0.06446048448 -0.03433913455)
(0.06824396543 -0.05523814003 -0.02624514777)
(0.06082868404 -0.03524338461 -0.01265753817)
(0.05207774497 -0.02900457045 -0.02609583703)
(0 0 0)
(0 0 0)
(0.09741134088 -0.05345718433 -0.06800702477)
(0.0345799175 -0.02092263409 -0.014200372)
(0.04044073075 -0.06114039156 -0.005413819906)
(0 0 0)
(0 0 0)
(0.9754679455 -0.2548106161 -0.2843465485)
(0.2546635834 -0.08360046678 -0.03865295589)
(0.3057912653 -0.1941945688 -0.1813199279)
(0.106199697 -0.1152308509 -0.07150572275)
(0.1835082225 -0.1158286991 -0.1020439891)
(0.1832396636 0.005493800662 -0.1087658252)
(0.351475632 -0.07417263655 -0.1594290701)
(0.1639022886 -0.04247503432 -0.06102332815)
(0.1626310225 -0.04749470186 -0.1014914326)
(0.1993249047 -0.04174916058 -0.02797085986)
(0.1035610968 0.001172661625 -0.0819867768)
(0.2192089541 -0.1439171482 -0.0645568386)
(0.2709070535 -0.0903594562 -0.197733334)
(0.2314423456 -0.1346794881 -0.08886856726)
(0.227857812 -0.1093972211 -0.1170952165)
(0.156368507 -0.06840655973 -0.07500907554)
(0.04372382905 -0.03179719884 -0.04399169351)
(0.0493639984 -0.035761328 -0.007953760266)
(0.2660074963 -0.1258058912 -0.1336478526)
(0.1832911425 -0.1222387853 -0.02113206514)
(0.246483254 -0.08913136944 -0.1862369019)
(0.2331318753 -0.1713615786 -0.1966814575)
(0.05696730757 -0.0003018422254 -0.05597872157)
(0.1645924238 -0.09778896667 -0.04282609842)
(0.05447610885 -0.03308964978 -0.048372485)
(0.03965452668 -0.02008990777 -0.02131817326)
(0.1381881219 -0.02930454545 -0.1047775999)
(0 0 0)
(0.01794077292 -0.03276387164 -0.04873464251)
(1.676861479 -0.2822061543 -0.6481385174)
(0.5587984572 0.0415267759 -0.2488182083)
(0.7590633672 -0.09736087345 -0.4196582876)
(0.3858692042 0.04629681728 -0.1737197043)
(0.7645369867 -0.07923176172 -0.3682881112)
(0.2913457835 0.07176811309 -0.2885233341)
(0.3444740513 -0.08429040205 -0.2621545693)
(0 0 0)
(0 0 0)
(0 0 0)
(1.932865895 -0.03104173115 -0.6628358495)
(0.628198921 0.008596031746 -0.4107907842)
(0.6187574294 0.001245310655 -0.3282345605)
(0.7003056389 -0.1590756236 -0.4013952769)
(0.6147489495 -0.1435207132 -0.3206858559)
(0.6327348589 -0.0732498282 -0.4055107111)
(1.05168405 -0.00733050174 -0.6190882608)
(0.7391267679 -0.2519345191 -0.4681066668)
(0 0 0)
(0 0 0)
(0 0 0)
(0.7175854059 -0.1676868228 -0.4731890809)
(0.5645822859 -0.06371051413 -0.1799328272)
(0.6458299857 0.1383572163 -0.373830409)
(0.4690981759 -0.1253560051 -0.2995831173)
(0.9206573951 -0.1009866616 -0.4049107535)
(0.3542580171 0.001625554329 -0.3986967846)
(0.6314620689 -0.05645792403 -0.4239899066)
(0.2804828211 -0.07736235227 -0.272730827)
(0 0 0)
(0.009464674541 0.008785329246 -0.01838391628)
(0 0 0)
(0.4445244098 -0.1097938662 -0.1026035295)
(2.154495017 -0.2928391633 -0.5874337499)
(0.6042274965 -0.1267830262 -0.3387717978)
(0.7766087398 -0.1234326351 -0.4087985317)
(0.3679893434 -0.04497769885 -0.2353853691)
(0.60013254 -0.1361725409 -0.3267605596)
(0.938787713 -0.2822152531 -0.308871406)
(0.5169892918 -0.07116530743 -0.2813877295)
(0.665752038 -0.1444418209 -0.3974262229)
(0.3717462926 -0.1164901585 -0.2884434148)
(0.6684979681 -0.1353963399 -0.3930226784)
(0.4251709696 -0.03483025015 -0.1596401562)
(0 0 0)
(0 0 0)
(0 0 0)
(0 0 0)
(0.02140561532 -0.06382859582 -0.01368427363)
(0.8779679728 -0.1702053249 -0.2362840791)
(0.3041194846 -0.01983693447 -0.2224683048)
(0.4351226056 -0.09340559342 -0.3353235037)
(0.4635216107 -0.1373879275 -0.2550421888)
(0.8042964348 -0.2094735265 -0.5467266153)
(0.3391675617 -0.0439565313 -0.2581597181)
(0.4942796999 -0.1203600118 -0.1981761676)
(0.4242110209 -0.1161374971 -0.2806357425)
(0.3742774421 0.003899646437 -0.255484713)
(0.5340793343 -0.1649390279 -0.2090275151)
(0.03954131277 -0.03995553261 -0.08747472564)
(0.4325509066 -0.1535754557 -0.2331451872)
(0.3204857648 0.01588467769 -0.1269908028)
(0.32898643 -0.1269168023 -0.2179693038)
(0.2784291951 -0.03804195963 -0.1193496478)
(0.1519640992 -0.08589762862 -0.04685046448)
(0.2588681692 -0.1937104459 -0.1550061142)
(0.113995882 -0.01180749475 -0.09751800433)
(0.1297315569 -0.09966962829 -0.05601673921)
(0.04454680744 -0.0104732652 -0.03531950803)
(0.02226696052 0.007958056866 -0.04741696422)
(0.06486158759 -0.03138677719 -0.02299032614)
(0.07214049605 -0.02049084789 -0.05100149531)
(0.030107537 -0.02979623137 -0.01011362194)
(0.02279968633 -0.02734454555 -0.001162686029)
(0.03550834626 -0.06061082174 -0.02314380614)
(0 0 0)
(0.02320623047 -0.0205610764 0.001717684688)
(0.02832321418 -0.009156936013 -0.04001147429)
(0.2796217771 -0.01092911841 -0.1253123039)
(0.4165186147 -0.03434533294 -0.164548156)
(0.263956083 -0.05769530811 -0.1955896406)
(0.4496514697 -0.1523500217 -0.1810976886)
(0.1735837239 -0.00687099755 -0.1607098481)
(0.2983016448 -0.08000624308 -0.1907755191)
(0.1355627974 -0.06555112094 -0.1363771906)
(0.2353029868 -0.0420477518 -0.08133302113)
(0.2264152858 -0.06996698108 -0.02418674159)
(0.06601038004 -0.01287216814 -0.05140461363)
(0.1251343443 0.02291964291 -0.1446914647)
(0.1762646755 -0.09525497398 -0.05260694698)
(0.2423667498 -0.1129895029 -0.1739455684)
(0.1817269277 -0.01791587021 -0.1040255664)
(0.3265098874 -0.2023815397 -0.1066615008)
(0.1452707006 -0.0931833863 -0.1081513452)
(0.1843482476 -0.04214131494 -0.06339395787)
(0.1421823772 -0.04294709098 -0.09075344084)
(0.2741445583 -0.1396015448 -0.1134731234)
(0.2460897827 -0.1331834099 -0.1393138036)
(0.07560864028 -0.06896027388 -0.022600558)
(0.1960835308 -0.1649688614 -0.07111853439)
(0.1011399072 -0.08732603009 -0.08040145478)
(0.0841122706 -0.08468831118 -0.04057703512)
(0.03392434928 -0.007975956357 -0.0310137937)
(0.5954465755 0.1082528568 -0.571009929)
(0.2637816987 0.03733309375 -0.3219942916)
(0.9769680517 0.05409823675 -0.5133151848)
(0.3015465102 -0.05744500704 -0.2073803463)
(0.4224029653 -0.07491713622 -0.1476627783)
(0.363374035 0.03531243574 -0.3648536724)
(0.2948786634 0.06532981051 -0.1495485819)
(0.8425799226 -0.02408545014 -0.5186553767)
(0.302639188 -0.04658502184 -0.2722529443)
(0.9115556007 0.1426682078 -0.5453754958)
(0.6878863767 -0.01076651377 -0.203507673)
(0.8149954406 -0.06749273048 -0.4067257727)
(0.6298425049 -0.1904532798 -0.3512124919)
(0 0 0)
(0 0 0)
(0 0 0)
(0 0 0)
(0.6253573088 -0.05007643575 -0.2348468496)
(0.1567585437 0.02735968564 -0.1493799112)
(0.3685641015 0.01778286489 -0.2129463961)
(0.209662557 0.03985668152 -0.1207057488)
(0.3999043544 -0.06219221698 -0.2372097681)
(0.3111221396 0.002990350033 -0.2146808952)
(0.4283051326 0.1370087841 -0.2266755221)
(0.4643868512 0.008432116278 -0.2876931238)
(0.6615272761 -0.02181050645 -0.4087913389)
(0.4440281967 0.007957272466 -0.2803679931)
(0.592463646 -0.1160740979 -0.3089428791)
(0.5888314488 -0.1221451264 -0.3519127378)
(0 0 0)
(0 0 0)
(0 0 0)
(0.8821542269 -0.1697243711 -0.4566371344)
(0.6329008643 -0.07201362852 -0.2824963489)
(0.4769383443 -0.103222098 -0.23865821)
(0.6525455781 0.1344203159 -0.2792616422)
(0.6703377109 -0.002194185755 -0.3622521609)
(0.25569108 -0.1042137693 -0.2020734685)
(0.4040462377 -0.0341868535 -0.2667379514)
(0.3496591222 -0.03954770116 -0.1863496627)
(0.3270890118 0.01337386543 -0.2871197769)
(0.7767344936 -0.05436944262 -0.377587284)
(0.2066665008 -0.01651027639 -0.202964897)
(0.2722077028 -0.1201134918 -0.1785522568)
(0.5020574327 -0.05974817372 -0.3667769312)
(0 0 0)
(0 0 0)
(0.3635067253 -0.04962536689 -0.359546401)
(0.3686971676 -0.03906622646 -0.2507426968)
(0.5641790651 -0.2410943701 -0.2692873773)
(0.359492038 -0.1020209945 -0.1949728103)
(0.5172823663 -0.2872108344 -0.1348014278)
(0.1841464622 -0.04431818998 -0.2040612233)
(0.5194504471 -0.1214522026 -0.2578220459)
(0.3581028065 -0.01503928379 -0.2616170438)
(0.5047320802 0.01341161597 -0.2528357781)
(0.187997113 -0.03720818627 -0.09491475947)
(0.3884933116 -0.1361844314 -0.210447644)
(0.307894976 -0.0607567936 -0.1954669525)
(0.4224395561 -0.1042525593 -0.1881275036)
(0.2716378297 -0.08540772125 -0.1285144929)
(0.2277079332 -0.0111752575 -0.1959503086)
(0.4125556618 -0.04792136448 -0.2646387404)
(0.2691694662 -0.1061434551 -0.0662403334)
(0.3392150537 -0.02148701884 -0.1223545982)
(0.2019887266 -0.02967212582 -0.09737254435)
(0.2383708185 -0.05354471925 -0.1489824989)
(0.05809094872 -0.02346626627 -0.06508514073)
(0.1301386524 -0.08358324788 -0.06650012018)
(0.04038685808 -0.04233641424 -0.02492902505)
(0.2032473921 -0.07741314369 -0.1135490227)
(0.1655995501 -0.05750676512 -0.07806236219)
(0.1410175931 -0.04363261168 -0.05547927057)
(0.06189227735 -0.07612386076 -0.02105086459)
(0 0 0)
(0 0 0)
(0 0 0)
(0 0 0)
(0.1075888209 -0.04142177522 -0.02004278309)
(0 0 0)
(0.5355413912 -0.1616749892 -0.215629863)
(0.2350822185 -0.06984736439 -0.2591676483)
(0.2642832798 -0.09100737247 -0.1471879661)
(0.1699795184 -0.1010543759 -0.1154296306)
(0 0 0)
(0.1093532415 -0.05552204984 -0.07266304959)
(0.2206468266 -0.1370806147 -0.1012887537)
(0.08907168906 -0.07816574678 -0.06664711598)
(0.1187823561 -0.06564990469 -0.0757732126)
(0.04442989194 -0.01576135168 -0.001380624098)
(0.06099802302 -0.04554042873 -0.0270895352)
(0.3809743694 0.03794105067 -0.2368062873)
(0.7804729525 -0.1620514041 -0.4211349288)
(0.4361765679 -0.03469173172 -0.1255653321)
(0.3515182364 -0.04956213555 -0.2612595933)
(0.4017714836 -0.01737661683 -0.1848726095)
(0.5621094694 -0.1179428543 -0.2229403618)
(0.507225669 -0.1386554595 -0.1808941915)
(0.2787221215 -0.05340591462 -0.08462810905)
(0.4134312951 -0.01003809843 -0.2201333797)
(0.4415105305 -0.08359609254 -0.1379339454)
(0.4551036613 -0.02322344239 -0.2287964813)
(0 0 0)
(0 0 0)
(0.1834215552 -0.003129349231 -0.0732764116)
(0.4014865841 -0.09921932189 -0.2741942161)
(0.4271449497 -0.01868898259 -0.2029589142)
(0.2723008332 0.007100736035 -0.1448959745)
(0.4759649644 0.01862212055 -0.2428502461)
(0.6353199913 -0.06312213626 -0.3482903191)
(0.4397519623 -0.01103434667 -0.2698796936)
(0.7668428471 -0.138177007 -0.3235988231)
(0.2516495976 -0.08304438215 -0.2398436016)
(0.549073518 -0.01339599635 -0.2311761745)
(0.2080392031 -0.1156169351 -0.1640415667)
(0.3136883259 0.01157292293 -0.2605752196)
(0.4432932101 -0.02886250838 -0.2283707876)
(0.5578076636 -0.01124809413 -0.2943413657)
(0.4227017104 -0.07374202561 -0.1639374152)
(0.222921607 -0.05299380606 -0.1381467222)
(0 0 0)
(0 0 0)
(0 0 0)
(0 0 0)
(0.6953349103 -0.189646646 -0.4489831575)
(0.4694194691 -0.03242753305 -0.2749666198)
(0.1758792939 -0.02199481195 -0.1098349849)
(0.4332643941 -0.03432347184 -0.2798836712)
(0.135012507 -0.03468786157 -0.1169409471)
(0.06286193169 0.02477064514 -0.07822786496)
(0.31973487 -0.07570208629 -0.2237243871)
(0.3348154048 -0.1588134298 -0.1096992589)
(0.3967715892 -0.07983191182 -0.2617900129)
(0.2002579758 -0.07681646142 -0.0695192155)
(0.2369157495 -0.01828925229 -0.09629895899)
(0 0 0)
(0.2131335251 -0.09646647341 -0.1183860509)
(0.2860772175 0.004811258566 -0.2349730017)
(0 0 0)
(0 0 0)
(0 0 0)
(0 0 0)
(0.391184013 -0.04534394858 -0.2115547784)
(0.2802491795 -0.0506153753 -0.1622259891)
(0.1740235584 -0.05158018626 -0.07838891359)
(0.3377966711 -0.08218641237 -0.1208903126)
(0.07248161576 -0.02519111015 -0.03106626156)
(0 0 0)
(0 0 0)
(0.6583040273 0.005540667686 -0.3495422313)
(0.4282434119 -0.005116726537 -0.1128648412)
(0.2919214963 -0.09503151945 -0.1801341884)
(0.5210101538 0.08139360791 -0.2559093365)
(0.4491558072 0.01288531122 -0.2846598486)
(0.2673773471 0.02840468732 -0.07702124931)
(0 0 0)
(0.04617489726 0.006711377536 -0.04557015012)
(0 0 0)
(0 0 0)
(0.2316039917 -0.04858780043 -0.1542074064)
(0.4328878486 -0.06562780972 -0.1861056042)
(0 0 0)
(0.2184153412 -0.06482334367 -0.05948199275)
(0 0 0)
(0.0300000225 -0.01635647295 -0.03523422937)
)
;
    }
    spline
    {
        type            calculated;
        value           uniform (0 0 0);
    }
}


// ************************************************************************* //
