/*--------------------------------*- C++ -*----------------------------------*\
| =========                 |                                                 |
| \\      /  F ield         | OpenFOAM: The Open Source CFD Toolbox           |
|  \\    /   O peration     | Version:  v1706                                 |
|   \\  /    A nd           | Web:      www.OpenFOAM.com                      |
|    \\/     M anipulation  |                                                 |
\*---------------------------------------------------------------------------*/
FoamFile
{
    version     2.0;
    format      ascii;
    class       volVectorField;
    location    "0.4543";
    object      fD_O2;
}
// * * * * * * * * * * * * * * * * * * * * * * * * * * * * * * * * * * * * * //

dimensions      [1 -1 -2 0 0 0 0];


internalField   uniform (0 0 0);

boundaryField
{
    symmetry
    {
        type            symmetry;
    }
    inlet
    {
        type            calculated;
        value           uniform (0 0 0);
    }
    orion
    {
        type            calculated;
        value           nonuniform List<vector> 
1990
(
(0.1109797024 -0.02005108062 0.08073711758)
(0.0345775272 -0.009397109534 0.01704326887)
(0.2926819887 -0.1089247534 0.1300734568)
(0.01813433236 0.008163759829 0.04980230492)
(0.09467000534 -0.03533108763 0.01349500715)
(0 0 0)
(0.00999822106 0.008467841842 0.09296953241)
(0 0 0)
(0.2470025831 0.005185137513 0.1021147133)
(0 0 0)
(0.3147353309 -0.08674139312 0.16453004)
(0.1995746299 -0.05081748822 0.1660256171)
(0 0 0)
(0.2084257274 -0.0327782935 0.149505564)
(0.2177663578 -0.009124245487 0.1005218598)
(0 0 0)
(0.4584839175 -0.0414968605 0.09876014051)
(0.03311474825 -0.01324369636 0.05531647144)
(0.4195004794 0.0374255201 0.224253554)
(0 0 0)
(0 0 0)
(0.4049785048 -0.1003877166 0.1982098174)
(0 0 0)
(0.3315922859 -0.1014555073 0.1831847585)
(0 0 0)
(0.1873966911 0.04848930448 0.1966646591)
(0 0 0)
(0.1992739162 -0.002078235921 0.1019491527)
(0.3004037156 -0.05941161644 0.1207629577)
(0.07159234621 -0.06781293174 0.05529455687)
(0.2139415446 0.06265865661 0.1884513367)
(0.5496762729 0.04784266246 0.2187847899)
(0.5706837671 0.06970863457 0.2343795469)
(0 0 0)
(0.4680003807 0.06057087522 0.215668018)
(0 0 0)
(0.3173172212 -0.04764182504 0.1991023426)
(0 0 0)
(0.4030453462 -0.1281980985 0.1812558352)
(0.3959755442 0.0302696132 0.1436110989)
(0 0 0)
(0.3733906572 -0.1011686053 0.117993536)
(0 0 0)
(0.4128738368 0.04612379992 0.2211592508)
(0 0 0)
(0.3653965609 -0.04216878519 0.1700472418)
(0 0 0)
(0.386011865 -0.08643973486 0.2115261879)
(0 0 0)
(0.7283416616 -0.05061890558 0.1397667278)
(0 0 0)
(0.382203191 -0.05457316016 0.2772369634)
(0.1642338879 -0.02825093036 0.07801434109)
(0 0 0)
(0 0 0)
(0.6608862117 -0.07214277914 0.3101993928)
(0 0 0)
(0.4331182096 -0.0152281013 0.1953806747)
(0 0 0)
(0.5416550898 -0.0408070302 0.1950775198)
(0.2534304276 -0.02335519776 0.1186258001)
(0.2310667812 -0.005015270615 0.08179419709)
(0.0249980737 -0.02071836764 0.0207110111)
(0 0 0)
(0 0 0)
(0 0 0)
(0.3768802669 -0.03487871236 0.1398068193)
(0 0 0)
(0.6433761585 -0.1081235895 0.06412927652)
(0 0 0)
(0.3742190869 -0.06563963256 0.1060994121)
(0.6110626352 -0.08977217078 0.1487151415)
(0.5629441947 -0.04207570793 0.2864975837)
(0 0 0)
(0 0 0)
(0 0 0)
(0 0 0)
(0.4246019815 -0.05490566552 0.1419905835)
(0.6334921873 0.03957692414 0.2348949747)
(0 0 0)
(0.8589839534 -0.09445465918 0.4474194739)
(0.4959496461 -0.1167193636 0.2138645739)
(0.4310869163 -0.01463587252 0.2432295544)
(0 0 0)
(0.5217443681 0.04336097529 0.1856004915)
(0.01126669774 -0.01933465285 -0.02743872936)
(0.2754962187 -0.08863579446 0.06749611294)
(0 0 0)
(0 0 0)
(0.707627195 0.002431457859 0.186985948)
(0 0 0)
(0.5600813161 -0.1772328061 0.3680581369)
(0.3608456565 -0.0006373548281 0.1460519443)
(0 0 0)
(0 0 0)
(0.5202952772 -0.01662522311 0.1273733543)
(0 0 0)
(0.9326551903 -0.0427029891 0.193562185)
(0 0 0)
(0.4532100775 -0.09310168272 0.01315066078)
(0 0 0)
(0.4844932017 0.03657818399 0.1428032388)
(0.9850545373 0.0277460714 0.268100097)
(0.8767976007 -0.03112265497 0.1783583476)
(0.5249405902 0.15552454 0.1137346029)
(0 0 0)
(0.9040798124 -0.0946690426 0.0915716979)
(0 0 0)
(0 0 0)
(1.077426836 -0.04540751201 0.2186954923)
(0 0 0)
(0 0 0)
(0.5099980882 -0.09031259969 0.1215749746)
(0 0 0)
(0 0 0)
(0.7040786147 -0.1664466205 -0.007186131764)
(0 0 0)
(1.290275616 0.02452767046 0.1977426848)
(0 0 0)
(0.9867062533 -0.03937369183 0.3596695637)
(0 0 0)
(0.8728179803 -0.1557888725 0.3602969707)
(0 0 0)
(0 0 0)
(0.701135043 0.05280507919 0.3251302378)
(0 0 0)
(0 0 0)
(0 0 0)
(0.4771768671 0.07082647568 0.1930681681)
(0 0 0)
(0.01623448391 -0.03475495756 -0.002851178405)
(0.1419416743 -0.05889487773 -0.01818809326)
(0 0 0)
(0 0 0)
(0 0 0)
(0 0 0)
(0.9781845636 0.03564908955 0.3753774646)
(0 0 0)
(0.8678482567 -0.08951253371 0.465867561)
(0 0 0)
(0 0 0)
(0 0 0)
(0.7871030049 -0.06001786294 0.1626079554)
(0 0 0)
(0.04657199506 -0.03417490595 -0.01979319878)
(0.6846191331 -0.1446931206 0.06402327793)
(0 0 0)
(1.351658971 -0.05218576604 0.2936146413)
(0.8443329948 -0.06809896323 0.1506587593)
(1.122495015 0.1451884563 0.1441607733)
(0 0 0)
(0.8951726253 0.1751131916 0.3155573412)
(0 0 0)
(0 0 0)
(0.9406583364 -0.1570034643 0.2705434228)
(0 0 0)
(0.7792827613 0.007771454991 0.2445049716)
(0 0 0)
(0.9116354942 -0.2330115896 0.08559679648)
(0.06274144941 -0.03231516751 -0.05770421115)
(0.2091197099 -0.03802307518 -0.0191631797)
(0.06943446742 -0.0518729966 -0.0226065262)
(0 0 0)
(0 0 0)
(1.297419185 -0.0623961866 0.371389975)
(0 0 0)
(0.7484953022 0.02516661552 0.2288186199)
(0 0 0)
(1.111232876 -0.1446326881 0.3489355052)
(0 0 0)
(0.7498192537 -0.2574423498 0.02689845912)
(0 0 0)
(0 0 0)
(0.3344098075 -0.05021006175 -0.09564958767)
(0.07733109012 -0.028013033 -0.05337343818)
(0 0 0)
(0.9840325548 -0.09153428722 0.173981843)
(0 0 0)
(1.002950412 0.06342609373 0.1423497687)
(1.03230251 0.07512023373 0.1621810394)
(1.054963289 -0.05787621922 0.2062887401)
(0 0 0)
(0.4593665194 0.009971050423 -0.05987201411)
(0.02152929208 -0.02590358682 -0.01369582368)
(0 0 0)
(0.8621785751 -0.1323068035 -0.0953298189)
(0 0 0)
(0 0 0)
(0.03986006642 -0.0216626227 -0.01020970338)
(0 0 0)
(0 0 0)
(0 0 0)
(0 0 0)
(0.9301931378 -0.04250196757 0.04778714194)
(0 0 0)
(0.7936760653 -0.20232705 -0.1105718376)
(0 0 0)
(0.2737016834 -0.1159420183 -0.1179472746)
(0.1140990657 -0.05498184557 0.005251934051)
(0.14820057 -0.02899445337 -0.08449275776)
(0.02908420559 -0.01646293731 -0.01732561066)
(0.05097992866 -0.02943727226 -0.01192057708)
(0.03354424373 -0.00630215862 -0.04622439353)
(0.1546387686 -0.07944136456 -0.04872006496)
(0 0 0)
(0 0 0)
(0 0 0)
(0 0 0)
(0 0 0)
(0.6122149263 -0.07942176554 -0.09944419777)
(0 0 0)
(0 0 0)
(0.3538228297 0.02705665086 -0.1745751639)
(0.1780854674 -0.03398083966 -0.1110947604)
(0.1084706232 -0.03311745967 -0.02164999385)
(0.01850388902 -0.02349592148 0.007651916732)
(0.01706220437 0.04658347161 -0.06007618918)
(0.1058608251 -0.0722945177 -0.002171281309)
(0.131702139 -0.05822039141 -0.03067275528)
(0.07123010763 -0.03710390588 -0.0611763054)
(0 0 0)
(0 0 0)
(0.1212399573 -0.01651177216 -0.03603497745)
(0.399171312 -0.1165810871 -0.1501134352)
(0.002198225763 -0.01922720934 -0.05318670731)
(0 0 0)
(0.133659844 -0.06084550359 -0.09835296022)
(0.05903791176 -0.06017294141 -0.04524892872)
(0 0 0)
(0 0 0)
(0.5138663721 -0.008048207201 -0.1005213987)
(0.1203833169 -0.008198525987 -0.08348588217)
(0 0 0)
(0.206175796 -0.06550593601 -0.084664338)
(0.1154734072 -0.008328352649 -0.04643764146)
(0.1076228051 -0.0238323464 -0.03645914619)
(0 0 0)
(0.1248695191 0.01441129327 -0.1602874996)
(0.14612913 -0.007832135641 -0.07294319531)
(0.1209546371 -0.03254440714 -0.07057254694)
(0 0 0)
(0 0 0)
(0.05211153491 -0.04089827239 -0.04783671909)
(0.1137947522 -0.07031530221 -0.04359924565)
(0 0 0)
(0.1250104993 0.08249770095 -0.1051756467)
(0.06024308913 0.002146678026 -0.04216991863)
(0 0 0)
(0.1737030649 -0.02713121571 -0.04018617071)
(0.2133636353 0.02553788995 -0.1297394969)
(0.2883559888 -0.0763613929 -0.1145387558)
(0 0 0)
(0.03626432624 -0.05602132394 -0.05701749444)
(0.2266952862 -0.04437147561 -0.1134780081)
(0.08002715997 -0.03973861474 -0.03087398671)
(0 0 0)
(0.1290136464 -0.02456048989 -0.05499158578)
(0.08740764733 -0.08873470176 -0.06987539773)
(0.1354232089 0.04107897767 -0.08253735247)
(0 0 0)
(0.1422133483 0.006038821838 -0.01379167137)
(0 0 0)
(0.1453491708 -0.001861577945 -0.05685898201)
(0 0 0)
(0.09241568907 -0.06149241737 -0.09077805792)
(0.07802999588 -0.01811546257 -0.03987595458)
(0 0 0)
(0.02594475605 -0.03117081759 -0.0361373483)
(0 0 0)
(0.01474709347 -0.01282913372 -0.01999389844)
(0 0 0)
(0.2222227759 0.02089767476 0.08833993145)
(0.2366489525 0.009722962516 0.1870245128)
(0.2453054127 0.03762270099 0.1638954908)
(0.05761613505 -0.05322536121 0.06362666357)
(0.4345084324 0.1778247774 0.2234701745)
(0.3395580854 -0.06948677067 0.2269196347)
(0 0 0)
(0 0 0)
(0 0 0)
(0.1156724936 0.03895649655 0.11883856)
(0.2975662928 -0.05117589034 0.07996185706)
(0.1689122483 0.01146304554 0.1422768412)
(0.1124202602 -0.05555512428 0.1376743465)
(0.1977590253 0.1108511514 0.03561391718)
(0.01214758858 0.04700781393 0.05181484842)
(0.03662060463 0.003882087163 0.04045268079)
(0 0 0)
(0 0 0)
(0.2017980201 -0.1048835226 0.1200389875)
(0.4099921058 -0.03154061419 0.1249494355)
(0.1243519309 0.03928587183 0.1385373842)
(0.0968853248 -0.02226177438 0.08481339872)
(0.3293242512 0.03042984305 0.1559553782)
(0.2166256845 0.02479489653 0.1274026727)
(0.2723654536 0.07963225672 0.1262092546)
(0 0 0)
(0.1205921297 0.02113845474 0.02774438458)
(0 0 0)
(0.260450939 -0.0792896179 0.3062538288)
(0 0 0)
(0 0 0)
(0.09704368131 0.01088216617 0.05028714263)
(0.1556550786 0.03839233357 0.07948051451)
(0.4392019115 0.05186115512 0.3198158736)
(0.2769347233 0.02596798191 0.1984240159)
(0.1194291838 0.02303044953 0.08929754566)
(0.2052019823 0.07597808224 0.1212975924)
(0.3217690008 -0.06619459344 0.1622297083)
(0.1247899265 -0.01078254923 0.1203787004)
(0.1976716914 -0.03466994539 0.05716652408)
(0.3564650211 -0.04863879018 0.2974115017)
(0.5312957729 0.08657389 0.3363438084)
(0.4534586107 0.07087251923 0.2279570966)
(0.4627753647 0.01702784624 0.1633089785)
(0.231632337 -0.08834445372 0.151699939)
(0.250846615 -0.01727790412 0.1849594922)
(0.1016310854 -0.01808256052 0.1348620794)
(0.1905767525 -0.01194074698 0.06897223045)
(0 0 0)
(0.3180792567 -0.05469626889 0.1804825395)
(0.3353855315 -0.1686497582 0.1573316746)
(0.156124521 -0.06598010821 0.0671738272)
(0.330588624 -0.04799534923 0.179748246)
(0.3324182068 -0.01829687608 0.1463058045)
(0.388366933 0.1003100773 0.1941590773)
(0.5051977625 -0.184869304 0.1921054144)
(0.1919394068 0.03209203115 0.1376009798)
(0.1246354779 -0.03395263917 0.1120577325)
(0.1826910363 -0.01605700538 0.06582635575)
(0 0 0)
(0.5134296361 0.1468606107 0.3188420955)
(0.3490885531 -0.1073458553 0.1790227246)
(0.1134282213 -0.0542920412 0.07046215835)
(0.5264576133 0.1511262453 0.2669160938)
(0.06062376735 -0.05929217931 0.0243184348)
(0 0 0)
(0 0 0)
(0 0 0)
(0.4123894085 0.04024602796 0.2080049311)
(0.2375228244 0.02621500212 0.1133824741)
(0 0 0)
(0.06719640531 0.02934637257 0.05892270744)
(0.5894372073 0.004072943274 0.3237021803)
(0.5178372874 0.03465977627 0.1869919797)
(0.2869786677 -0.09955076536 0.200668131)
(0.3108515473 -0.003328978493 0.08104234991)
(0.2398347732 -0.00951513183 0.1403407058)
(0.5873549953 -0.05694602895 0.2701507543)
(0.4862643719 0.02754534728 0.110698951)
(0.2824272397 -0.02607165203 0.1041159901)
(0.2455225558 0.02127801509 0.2228830748)
(0.3355522638 -0.05395434198 0.1442142849)
(0 0 0)
(0.4467415765 0.01360384902 0.423827355)
(0.2977436987 -0.06060147832 0.1173759151)
(0.4576851941 0.04618852889 0.242300791)
(0.1141246191 -0.03224181454 0.05379467139)
(0.3032492573 -0.0006964087877 0.2419204014)
(0.141415032 0.02913181632 0.1095462197)
(0.2738733093 0.01778877329 0.1880900399)
(0.2625755194 -0.008833740505 0.1180577906)
(0.4025754999 -0.09991301869 0.1789277397)
(0.3598693221 0.006264249636 0.1278214003)
(0.2942030009 0.01014644148 0.07895472746)
(0.225600005 -0.03369453699 0.1331109165)
(0.3547970169 0.02258343319 0.1756015501)
(0.07951805014 -0.1292094977 0.03936220806)
(0.345678425 -0.05437853249 0.2688348066)
(0.4017805309 -0.01138147949 0.182719957)
(0.4006363465 -0.02386839008 0.1094146921)
(0.1420930137 -0.04694453574 0.1337747633)
(0.213677814 -0.01074813912 0.1687774902)
(0.2354526566 -0.1259525638 0.217651236)
(0.3681357949 -0.03562469204 0.124989689)
(0.2244928068 -0.009738635309 0.2389370885)
(0.3101765652 -0.03513976623 0.0763279641)
(0.1414687795 0.04610766239 0.0328533144)
(0.48056941 0.1019761145 0.2441063205)
(0.2292256478 -0.01059071017 0.1100939928)
(0.153224772 0.02143768271 0.02425588869)
(0.1792672697 -0.06144002885 0.08508551567)
(0 0 0)
(0.3230260527 0.1355233198 0.2390136881)
(0.0804578396 0.04555404495 0.1130283722)
(0.6578030955 0.05455848614 0.2026752128)
(0.2825502296 -0.07731577707 0.2003279861)
(0.4067851552 -0.02462945828 0.2001881667)
(1.129564148 -0.03401166501 0.2603470196)
(0.404487404 -0.01992169777 0.1860217858)
(0.4655833327 -0.01445210898 0.2061406034)
(0.5756720206 0.1374019087 0.1999253391)
(0.4818450922 0.007356350132 0.2992766255)
(0.4210140326 -0.07566151904 0.16245239)
(0 0 0)
(0.150464661 0.03951004655 0.1428844864)
(0.5366455051 -0.05010971176 0.1936971568)
(0.2841140698 -0.1458333997 0.07967234128)
(0.3034867558 -0.07396834254 0.1341399989)
(0.5207336662 -0.06685006958 0.05776213865)
(1.003819876 0.03997561718 0.3752502815)
(0.2648542605 -0.06715671387 0.1997751099)
(0.3683629537 0.03832826958 0.1586889144)
(0.3669874791 -0.1092638186 0.2242513758)
(0.6297851066 -0.1420778876 0.2599808832)
(0.242464901 -0.1022621221 0.1764457021)
(0.2897827618 -0.08124093531 0.01953009552)
(0.2227078244 -0.02451368775 0.120951298)
(0.3140457014 0.05335058463 0.1602983507)
(0.3454382929 -0.07327358681 0.1304236644)
(1.002720622 -0.1017945325 0.1427229771)
(0.2047473792 0.02405147607 0.1250563823)
(0.2928979866 -0.0683103177 0.1741046927)
(0.2130958562 -0.06799933194 0.1654854474)
(0.3840771266 -0.07672367182 0.1450429674)
(0.1793406459 -0.091339974 0.2511794915)
(0.4477300505 -0.1089556958 0.3205862787)
(0.4279930425 -0.09373169056 0.3000510156)
(0.264646581 -0.02083127151 0.06979154017)
(0.2540660043 -0.04018722652 0.2004779897)
(0.3798277111 0.004058602561 0.196858676)
(0.02075938691 -0.02516934478 0.03586510991)
(0 0 0)
(0.5715768837 0.01019593233 0.2370746179)
(0.568967155 -0.05616883694 0.2265019025)
(0.3933381681 -0.04632424752 0.1516990533)
(0 0 0)
(0 0 0)
(0.369822195 0.01043987304 0.2275890963)
(0.4910520847 0.01066134697 0.2486940908)
(0.6453724511 -0.02021901248 0.3261282257)
(0.5237170593 -0.1636219927 0.4209813088)
(0.3260342071 -0.02849777327 0.2553843644)
(0.5464542876 -0.04519260223 0.2522769602)
(0.6909820218 -0.004247979898 0.2460444942)
(0.6516823686 -0.05309247687 0.4086678639)
(0.5430272632 0.05638995078 0.2369638882)
(0.6942222986 -0.2241394576 0.4376467961)
(0.3576419038 0.1167209933 0.1196037853)
(0.3311932976 -0.07781287022 0.1762441108)
(0.5987889651 -0.04802490873 0.3513777295)
(0.6413692288 -0.1092709917 0.3742700856)
(0.4557576923 0.04449305572 0.2609990172)
(0.2676009245 -0.130519563 0.1236683548)
(0.4629333109 -0.06909779434 0.2720264036)
(0.2878898171 -0.09487496669 0.09267584175)
(0.5206291124 0.0725011064 0.3078501248)
(0.4312505826 0.009090519502 0.1535218208)
(0.3795965447 0.003048880226 0.1810995211)
(0.1011792496 0.02467435762 0.1125409299)
(0.2999938812 0.01076146144 0.114790863)
(0.1067219949 -0.09195010746 0.09933445749)
(0.548618435 -0.04444182072 0.1331271454)
(0.6707408982 0.1206922902 0.2393274238)
(0.1155677495 -0.02812711141 0.06780006089)
(0.2941153954 -0.02906361276 0.05629086223)
(0.04788127713 -0.03373385111 0.0426705339)
(0.5893702611 -0.008103121993 0.2265326358)
(0.3450958868 -0.00833332275 0.07923354629)
(0.3513503728 -0.06398307146 0.1570676405)
(0.3392649356 -0.01265586909 0.2122372559)
(0.3706223317 0.006347099496 0.07350453441)
(0 0 0)
(0.6113843534 -0.05185574482 0.2022983372)
(0.706795141 -0.04468510004 0.2315467873)
(0.386758378 -0.05918566574 0.2446883074)
(0.5840270115 0.0226351647 0.2581465345)
(0.6026927146 0.004495848701 0.1569793495)
(0.5827770354 -0.1614243749 0.2194161509)
(0.6074893414 0.01357116449 0.2954967091)
(0.3732983242 -0.03036605528 0.1564941291)
(0.5190733576 0.0648547543 0.3492640371)
(0.4202896184 0.02394807447 0.2286366253)
(0.3155305283 -0.02352564383 0.2006613999)
(0.6965923861 0.02959612842 0.2208129027)
(0.4654718978 -0.0594948508 0.255598059)
(0.2764123911 0.02078023651 0.2164115761)
(0.7038222077 -0.09825057364 0.3860782382)
(0.1986841753 -0.05310181694 0.07954038847)
(0.3862521968 -0.04130716422 0.1466176343)
(0.3947115535 -0.001699460238 0.1248674417)
(0.4395873405 -0.05762528282 0.1420989695)
(0.6323024414 -0.005710448355 0.2153314223)
(0.217237621 -0.07274666783 0.08681574879)
(0.436361036 -0.09913579204 0.1293933501)
(0.2517216687 -0.02499489479 0.07158959562)
(0.5323366198 0.04178390162 0.2605779381)
(0.4319865795 -0.04733419986 0.122536813)
(0.1209329925 -0.04227458771 0.03472524559)
(0.3137630476 -0.03637759405 0.1651404113)
(0.5400071652 -0.1344263246 0.1535058351)
(0.327593037 -0.01499491166 0.1165393261)
(0.262830597 -0.02321135781 0.158603821)
(0.1193041483 -0.0448943901 0.04304784554)
(-0.005993915395 -0.01163359617 0.001473351612)
(0.7681002531 0.118566309 0.3638285072)
(0.5737811255 -0.04122655397 0.1857438053)
(0 0 0)
(0.6386555455 -0.1760290204 0.2402568634)
(0.6612402521 -0.02291463037 0.2751206072)
(0.5528797851 0.1475814664 0.3144594539)
(0.5378730907 -0.1271652793 0.2132558197)
(0.4193883969 -0.07331387124 0.1250317494)
(0.4045284615 -0.06251609463 0.1027339525)
(0.7051253009 0.02709965331 0.2244237189)
(0.7889511133 0.03189012077 0.3384640536)
(0.4645017745 -0.01423639222 0.2278320019)
(0.7392341905 0.0307240551 0.2666044001)
(0.4999045663 -0.01508053009 0.1853922954)
(0.4174736695 -0.1083980401 0.1991392448)
(0.5917526755 -0.13912162 0.2426786313)
(0.207553795 -0.03877368378 0.04525983377)
(0.4500921129 -0.07798455797 0.09485746652)
(0.62758861 0.01924351539 0.2482422505)
(0.7859173181 -0.1087080369 0.2003367788)
(0.5827163365 -0.04350380648 0.2587749212)
(0.752438302 0.0502504417 0.2623705253)
(0.8095029818 -0.1641956566 0.2340544468)
(0.6415041838 -0.0909659833 0.242038666)
(0.4857478827 -0.02641709517 0.1874265109)
(0.5205610521 -0.06892665445 0.2340225333)
(0.7278955796 -0.1820156947 0.2554985288)
(0.4125301142 -0.0238134491 0.1423089384)
(0.4584870009 0.01192926766 0.139002478)
(0.6089380329 -0.09094315157 0.2761122505)
(0.3574328619 -0.0447579288 0.2114843778)
(0.4459254118 0.01889178089 0.1315343099)
(0.200567046 -0.1144839586 0.02128494538)
(0.08565929254 -0.06008485816 0.0276256852)
(0.6520528727 0.03031368509 0.3678483334)
(0.7380503973 -0.1440182209 0.2509202133)
(0.9182690272 -0.04893326212 0.3215261708)
(0.4655297152 0.006245959883 0.274340344)
(0.4825347101 -0.0142582387 0.08654535039)
(0.7653961183 0.1078593444 0.2485379192)
(0 0 0)
(0.9961092533 0.001025088391 0.438063587)
(0.3593129138 -0.004236475809 0.1407319214)
(0.7469568703 0.1192231495 0.2787621422)
(0.9269441159 -0.1136675682 0.2796403239)
(0.3761569786 0.02817406316 0.1745363351)
(0.7747945576 -0.1589878293 0.403157209)
(0.8773873512 -0.1257172073 0.3469088826)
(0.6430917702 -0.0915977984 0.1654204467)
(0.97571173 0.02594677655 0.4231063719)
(0.4491082075 -0.02368237565 0.2157934108)
(0.8457333503 -0.07263501871 0.3431816663)
(0.6444804624 -0.07301698134 0.2665833025)
(0.740023228 -0.04023637838 0.1044416744)
(0.778610376 -0.06048040646 0.2838566544)
(0.9816780233 -0.0814129567 0.1799701868)
(0.5693325191 -0.04634551238 0.2051285282)
(0.4906293574 -0.1318400974 0.2890854728)
(0.4678447497 -0.135585913 0.1950709546)
(0.1628813313 -0.06845318656 0.1007243458)
(0.6235730322 -0.2128572195 0.2548461722)
(0.3819464509 -0.004595800624 0.07392478883)
(0.3311092843 -0.1020903298 0.05691388026)
(0.7252870491 -0.02540244301 0.2489690011)
(0.7805618148 -0.09883344093 0.3443576959)
(0.5974234737 -0.1449705026 0.2578086015)
(0.6239165773 0.1278954827 0.1943958522)
(0.7961947767 -0.07373367981 0.3823455205)
(0.4626870559 0.04830007408 0.3310308696)
(0.676865884 -0.1536237056 0.1346645065)
(0.899576407 -0.05341544191 0.3209871894)
(0.5888765862 0.02492050459 0.1771743012)
(0.6652011339 -0.1806770654 0.170826027)
(0.6558187278 0.02182141317 0.3424307407)
(0.7922138205 0.0007949164748 0.3904514113)
(0.8282422077 -0.2032704358 0.1899703945)
(0.8977641599 -0.07924256521 0.2517934841)
(0.7956649478 -0.2459663891 0.2790882448)
(0.5206229021 0.08074913649 0.1477782316)
(1.082106683 -0.1674049777 0.1835026274)
(0.8082353019 -0.01279281738 0.2766097892)
(0.4199596854 -0.1406187848 0.2284726861)
(0.8602349031 -0.009891504852 0.2556829307)
(0.5591492714 0.03025711111 0.1373689063)
(0.7303401551 -0.2444072501 0.2293683082)
(0.6701290674 -0.09808816474 0.117031542)
(0.8156031358 -0.1728736653 0.2695592728)
(0.8733186803 -0.09586694121 0.3588264885)
(0.7767006043 -0.001147759998 0.1747367473)
(0.6869071687 0.116406671 0.09021036351)
(0.2848585459 -0.03428758954 -0.0356063096)
(0.3005066259 0.05167023029 0.1667753191)
(0.1436309876 -0.0760151656 -0.004284270607)
(0.6314473427 0.05504741381 0.3181187499)
(0.7566355687 0.03304707566 0.2869589549)
(0.6250797807 -0.1415874601 0.3394866664)
(0.9190353006 -0.01392224493 0.246720409)
(0.6664679621 0.03060822394 0.2123214177)
(0.9174420463 0.140433775 0.3108927351)
(1.184674732 -0.1893559744 0.4059027624)
(0.6599516861 0.04937726228 0.3232240497)
(0.9244303935 0.0225032849 0.2378959476)
(0 0 0)
(0.7272734715 -0.06068220839 0.1121238879)
(0.6627545802 -0.3097537935 0.1693921252)
(0.6692189635 0.1554349619 0.09835440834)
(0.5717990203 -0.03290559234 0.2171914576)
(0.4645714472 0.01231097316 0.1404973816)
(0.4298062465 -0.0785820162 0.1684616654)
(0.7067673018 -0.0628525656 0.1009894922)
(0.5191246138 0.03264625813 0.3006146834)
(0.8056823534 -0.04400563429 0.255302559)
(0.9334379717 -0.05924382476 0.2587652151)
(0.8869045854 -0.1725723314 0.2434966374)
(0.9983344304 -0.3543828539 0.225437655)
(1.181877494 0.02834208742 0.3840244567)
(0.5321147104 0.02796804844 0.238575796)
(0.5545700933 0.01817169292 0.3044581304)
(0.7091009046 -0.02368452447 0.1913338941)
(0.9914194054 -0.1383095649 0.1744918574)
(0.4562298336 -0.007267127751 0.1445713878)
(0.7659826562 0.01279073522 0.1796752419)
(1.148366704 -0.02900395922 0.2763270009)
(0.8551660252 0.110246216 0.2342357437)
(0.8370241938 -0.1055905494 0.1156154951)
(0.6131404766 -0.03338519173 0.1797741664)
(1.389362005 -0.08041230986 0.5583700801)
(0 0 0)
(0.4880377717 0.09209459782 0.3869931479)
(0.8881972788 -0.04602847337 0.2094276127)
(0.7928626967 -0.01061308942 0.2749126055)
(1.072043513 0.01649663909 0.219908926)
(0.9400075829 -0.1074443178 0.4401679689)
(0.4744262503 -0.1877591865 0.182615144)
(0.9354989517 -0.2945743869 0.3432985778)
(1.049330343 0.01479242038 0.2798991571)
(1.112932912 -0.2195759198 0.2251967709)
(1.339945472 -0.01652334828 0.4392699196)
(0.5426066595 -0.135625509 0.2299175324)
(0.446237615 -0.02157699762 0.1541479518)
(0.931668004 0.06087326101 0.1499554995)
(0.9580330418 -0.09570777155 0.2760696451)
(1.230899166 0.01087897618 0.4085749426)
(1.206463565 -0.06694175252 0.2144830133)
(0.3916271671 -0.008076474785 0.1437984262)
(1.214852845 -0.3339151185 0.480088012)
(0.3676778608 -0.1368374994 0.1395129077)
(0.6997535771 0.1120551113 0.1763677168)
(0.9679314495 0.1715513077 0.298388404)
(0.3625141653 -0.1399980422 0.06841419586)
(0.1859686787 -0.07855623734 0.0482899727)
(0.8274445073 -0.03646402813 0.08869258402)
(1.326126354 -0.178331931 0.4052960431)
(1.11032427 0.1994992026 0.3511526362)
(0 0 0)
(0.8776923507 -0.04892113743 0.2996413197)
(1.339081008 0.04233207669 0.3201437317)
(1.189695944 -0.2285184857 0.4453073017)
(1.257780426 0.002274562563 0.4503075518)
(0.5790079797 -0.01057026595 0.1641472587)
(0.885947555 -0.02272679548 0.2401379862)
(0.9727979784 -0.1020186557 0.243221596)
(1.000102343 -0.07798669439 0.2121296178)
(0.7535538783 -0.1084271649 0.2391778118)
(1.076193487 0.05151013324 0.4017281082)
(1.011568868 0.09396512859 0.2702641021)
(1.023283651 -0.2791319831 0.4007127657)
(0.5207277233 -0.04110279765 0.2109695207)
(0.6805762597 -0.1057482775 0.3440413808)
(0.9516038249 -0.1937860608 0.407438866)
(0.829062427 -0.1598972227 0.2148411718)
(0.9348348087 -0.2030440668 0.1215371629)
(0.9125318539 -0.07214026457 0.06867764503)
(0.9174698013 -0.1190146826 0.2363193412)
(0.6225685679 -0.0436775153 0.1476617778)
(0.4747742062 -0.05428026581 0.1611393283)
(0.9173124018 0.1014492931 0.3948717393)
(0.6288092501 0.06934382391 0.3229973259)
(0.4551201394 -0.04462420557 0.07806476408)
(0.6163694647 0.02248791285 0.1296324934)
(0.9307851411 -0.008216005282 -0.070213274)
(0.6035762 0.04295457845 0.2110200857)
(0.8114110505 0.06325058309 0.1806229049)
(1.455189633 0.2046350686 0.2856273944)
(1.158434394 -0.2014016045 0.4975377154)
(0.8949871391 0.07167500196 0.2074665015)
(0.6654230544 0.06442748696 0.2239871018)
(0.6773634115 -0.1300825222 0.1490903421)
(1.191753019 0.1694861293 0.442479984)
(0.9853321959 -0.174735899 0.1750609891)
(0.6106316037 -0.01874869292 0.2630240268)
(0.8668694303 -0.02959186125 0.2027661509)
(0.7351883569 0.01459221617 0.1417486237)
(0.6499519066 -0.01499866996 0.1079704155)
(0.7355755301 -0.1440603366 0.1259596608)
(1.38062207 0.0698332975 0.2755827864)
(0.5287642144 -0.07822841805 0.1271759317)
(0.9583189711 -0.2191112602 0.3735875664)
(0.7179244721 -0.05735669032 0.2295167272)
(0.6766318521 -0.164555665 0.1848756798)
(1.146566402 -0.02824254389 0.2605028492)
(0.7655300559 0.1136297959 0.3386563941)
(0.8412583619 0.09709691592 0.202412004)
(0.9834049473 0.05764527057 0.36481255)
(1.116774359 -0.2076434644 0.1766879138)
(0.7268591719 -0.1529791545 0.0835399443)
(0.5103758093 -0.1117306633 0.06938220417)
(0.2403489315 -0.06470312931 -0.04223417837)
(0.6504831434 -0.02460024183 0.05722596447)
(1.268418968 0.06244217861 0.3004814888)
(1.005739429 0.1479065505 0.1591166805)
(0 0 0)
(1.257825803 0.06491506652 0.2854255052)
(1.23867903 -0.03578471872 0.1303682841)
(1.531971577 -0.0279114394 0.4337771317)
(0.6820925017 0.07119396547 0.2321851052)
(0.8337692272 0.04010379589 -0.002164257653)
(1.069004857 0.09617999034 0.294137106)
(0.9597959447 0.08626053047 0.2933050161)
(1.113774614 -0.06956803723 0.1053559017)
(1.151211135 -0.1346027634 0.2483014276)
(0.8660667512 -0.004596416858 0.2716411236)
(1.295543948 0.1129974021 0.527479538)
(1.454427269 -0.2262418639 0.03676675251)
(0.8407790863 -0.1029481546 0.2788217381)
(1.234498946 -0.1826462327 0.3785363877)
(1.133732209 0.08041278411 0.5331645204)
(0.8106831428 0.01596699428 0.2056659482)
(1.35466111 -0.05745561834 0.4444916922)
(1.005088727 -0.03036649939 0.006558731375)
(1.475822323 -0.09902266574 0.1358855131)
(0.8498468596 -0.132685993 0.05594590065)
(0.3816997502 -0.0677653283 -0.06074075662)
(1.055517267 0.144157001 0.4546944717)
(0.8097075839 0.01895226097 0.2928927888)
(1.127448516 0.09883011686 0.3911157681)
(0.9432265033 0.1774529196 0.2797948909)
(0.8647750139 -0.0618894744 0.3159896509)
(0.8681127214 0.007899423963 0.3325926084)
(0 0 0)
(0 0 0)
(0.761167405 -0.1020846133 0.3340341176)
(0.6189229612 0.1272029619 0.2611944939)
(0.9998488784 0.1291184536 0.1852664871)
(0.9738034189 -0.1038385012 0.5309468458)
(0.9517638012 0.0115984646 0.2985155236)
(1.088835485 0.08210265336 0.3054073834)
(0.746645122 0.03323182631 0.2881162795)
(1.155302969 0.07954241647 0.2159325583)
(0.6128271871 -0.05439092872 0.2100261815)
(0.9695109234 -0.05851247651 -0.009854386664)
(0.1481617046 -0.03071441744 -0.07401627905)
(0.9317389738 -0.02755125984 -0.1106355594)
(1.165762801 -0.1435360598 0.2192234379)
(0.8276313711 -0.03528937197 -0.06024884842)
(0.4854403006 -0.1042539062 0.2355896514)
(1.623356256 0.04921165708 0.2405652608)
(0.8770871827 -0.1010197241 0.0819034287)
(0.7511735016 0.01090000374 0.1195650805)
(0.7917155952 0.0615137458 0.0952751158)
(2.1620012 0.2586868084 -0.04809855581)
(1.212128836 0.08667156913 0.4008977504)
(1.027380117 0.02291058537 -0.04089445559)
(0.5334341197 0.01654687284 0.1154878927)
(0.5654848793 -0.06246111251 -0.04251379377)
(1.294436872 -0.1217351267 0.1221730462)
(0.9081745214 0.05894882199 -0.006324826031)
(1.077228502 -0.1447054194 -0.09752020916)
(1.093984526 -0.0474230823 0.09197914281)
(0.6974273215 -0.05226406493 -0.1954185995)
(0.4258773865 -0.1099350845 0.09213499189)
(0.185345978 0.02410946995 -0.06080251056)
(0 0 0)
(0 0 0)
(1.197636803 -0.04950345706 -0.1158819371)
(0.9734442019 0.0608791544 -0.1498633089)
(0.5417223218 -0.1351283533 -0.1556346246)
(0.1180229177 0.02961599099 -0.137557204)
(0.3637969421 -0.09483751987 -0.09566955452)
(0.1994924711 -0.009370519603 -0.08568055061)
(0 0 0)
(0.0703359825 -0.03637274687 -0.02052765904)
(0.2190328558 -0.0754734671 -0.1352842276)
(0.1712854337 0.03177191125 -0.1183828655)
(0.2876801969 -0.03619559926 -0.1180211241)
(0.223842239 0.005796409769 -0.1111095802)
(0.2145004208 -0.04380250109 -0.06164618174)
(0.2044610669 -0.03454742196 -0.07398764981)
(0.1199179696 -0.01298725142 -0.07319783757)
(0.1689739823 -0.07409568004 -0.02674841809)
(1.08884484 0.1622876319 0.4505243225)
(0.4161891857 -0.01306502694 0.2186682193)
(0.2441928814 -0.04253536029 0.2599649605)
(0.4374445102 0.02174087533 0.3502087533)
(0.3481973817 0.01732155461 0.1649703062)
(-0.003562523198 0.0136167341 0.03209263411)
(0 0 0)
(0.08920328625 -0.01199442375 0.1108494676)
(0.2931340792 -0.04723447158 0.1959926949)
(0.4246550102 0.07230388379 0.237138077)
(0.4120572595 0.0242538069 0.1851635586)
(0.1696349925 0.06006437093 0.1348529719)
(0.4290414491 -0.08595539359 0.1871654806)
(0 0 0)
(0.2239750572 -0.07231969605 0.2085902544)
(0 0 0)
(0 0 0)
(0 0 0)
(0 0 0)
(0.3526509827 -0.1272952536 0.1292384127)
(0.4453347355 0.02776838195 0.07792031113)
(0.3184276116 -0.01002450548 0.1127566681)
(0.2800411811 0.08428320537 0.2202730895)
(0 0 0)
(0.1846410412 -0.01731227692 0.05868253617)
(0.4290838075 -0.07695481619 0.1106214631)
(0.6097544699 -0.05591557049 0.2884749876)
(0.7363519187 -0.113529879 0.375248724)
(0.3732962777 0.03019352225 0.1729353345)
(0.5115634103 -0.05494726028 0.2719150099)
(0 0 0)
(0.03964703252 -0.06708892177 0.01864815051)
(0.347868579 -0.08375588087 0.1608972996)
(0 0 0)
(0.4533082575 -0.09970534457 0.1519222486)
(0 0 0)
(0.1106925444 0.001923649915 0.06423764889)
(0.01592941912 -0.03550917351 -0.008099587019)
(0.2041389147 -0.09098279941 0.115447944)
(0.3702961375 -0.06597671295 0.1082898789)
(0.008847836007 -0.01452800923 0.02836299508)
(0.03498358566 -0.04868322628 0.021233989)
(0 0 0)
(0 0 0)
(0.4241790506 -0.01302298709 0.273390555)
(0.3957512707 -0.02128938335 0.2595628678)
(0 0 0)
(0.3838450455 0.04742913144 0.2040530309)
(0 0 0)
(0 0 0)
(0.4561910244 -0.1469648837 0.1846456398)
(0 0 0)
(0 0 0)
(0 0 0)
(0.3830853941 0.02897011972 0.176620935)
(0 0 0)
(0.6812026915 -0.06441131417 0.3586574041)
(0.5270418409 0.02736982437 0.2576052646)
(0.3855370125 0.09521852458 0.1840420107)
(0.7671821718 -0.06983980736 0.1557236774)
(0 0 0)
(0 0 0)
(0.4638909943 0.07176167515 0.248354876)
(0 0 0)
(0.5007777322 -0.1594028112 0.09702202326)
(0 0 0)
(0 0 0)
(0 0 0)
(0 0 0)
(0.6122277279 0.06978660084 0.2106694878)
(0.5714529033 0.04539247369 0.1628718845)
(0 0 0)
(0 0 0)
(0.6488006871 -0.04560484714 0.303341959)
(0.668132196 -0.03121914157 0.3198397462)
(0.4813986404 -0.03832070394 0.1758295367)
(0.7415650088 -0.01002138925 0.3744965241)
(0 0 0)
(0.6297158993 -0.06902328099 0.1333705049)
(0 0 0)
(0 0 0)
(0 0 0)
(0 0 0)
(0.4527733986 0.01654107294 0.2518808443)
(0 0 0)
(0.9566961543 0.08986051393 0.1526684796)
(0 0 0)
(0.77343916 0.06877079646 0.2761699887)
(0.7953480961 -0.03677758107 0.1743250746)
(0 0 0)
(0 0 0)
(0 0 0)
(0.6449225206 0.07570469928 0.2548097685)
(0.4446618022 -0.007470537743 0.1745703656)
(0 0 0)
(-0.01008007629 -0.03902073639 0.02506176952)
(0 0 0)
(0 0 0)
(0 0 0)
(0 0 0)
(0 0 0)
(0 0 0)
(0.8940414462 -0.1180608125 0.1503060772)
(0.6248395551 -0.01710320265 0.2790908743)
(0.9049387599 -0.08517439546 0.1377965133)
(0.7020564447 0.006507006645 0.1808863874)
(0.6494766201 0.06490007431 0.2947302851)
(0.280929549 -0.1314467904 0.05600379023)
(0 0 0)
(0.9667186908 -0.08196136176 0.2387790324)
(0 0 0)
(0.9282024248 0.04857814521 0.2075249441)
(1.017311894 -0.2387356948 0.2268742513)
(0.9292645573 -0.08044227202 0.1521315754)
(0.7011251606 -0.04690567957 0.09402976748)
(0.4854128884 -0.09319308602 0.01890396138)
(0 0 0)
(0.9413947198 0.08216431896 0.03134406831)
(0.9525102388 -0.1048517473 0.2586051077)
(1.336081821 -0.1189636895 0.4100747778)
(0.8819663571 -0.08601822605 0.2662022466)
(0.5320001222 -0.02101304853 0.1820486681)
(0 0 0)
(0.6395266697 -0.1021858652 0.2780330429)
(1.25291246 -0.1316002133 0.2600382543)
(0.173008468 -0.1462441934 0.009450758301)
(0 0 0)
(0 0 0)
(0 0 0)
(0 0 0)
(0 0 0)
(0 0 0)
(0 0 0)
(0.4366049013 0.08271547218 0.215084211)
(0 0 0)
(0 0 0)
(1.050437505 -0.1174748537 0.5385506956)
(0 0 0)
(0 0 0)
(0 0 0)
(0 0 0)
(1.087393536 0.05663171634 0.2812288129)
(0 0 0)
(0 0 0)
(1.32922968 0.1591498175 0.4826172228)
(0.8640620335 0.00223066772 0.2116266203)
(0.9176002854 -0.1824348305 0.209786947)
(0 0 0)
(0 0 0)
(0.8897834607 -0.134010896 0.205578558)
(1.385282096 0.04278345583 0.3575163417)
(0 0 0)
(0 0 0)
(0.0487900304 -0.03004553997 -0.01466880006)
(0.02754748004 -0.01915312112 0.0003537609602)
(0.02720707182 -0.002566530086 -0.01633144811)
(0 0 0)
(0 0 0)
(0 0 0)
(0 0 0)
(0 0 0)
(0 0 0)
(0 0 0)
(0.8261821142 0.1696167543 0.2257487117)
(0 0 0)
(0 0 0)
(0.7707100538 -0.01915549646 0.08690623923)
(0 0 0)
(0 0 0)
(0.2449422464 -0.1121260989 -0.0780976677)
(0.3828020143 -0.06407559222 -0.1127791811)
(0.02837203369 -0.007705542201 -0.03813183648)
(0 0 0)
(1.273518606 0.05551082723 0.2845539113)
(0.6528469053 0.03502206798 0.2513058083)
(1.045036931 0.1743211764 0.05035156546)
(1.740437297 -0.1282479879 0.1119925701)
(0 0 0)
(0 0 0)
(0.08684564857 -0.03337068814 -0.002240441207)
(0 0 0)
(0.1879634742 -0.09921131765 -0.03263924436)
(1.475185282 -0.0301829745 0.01928987405)
(0.513679348 -0.01704221465 -0.08120794464)
(1.098555988 0.1437171668 -0.3606328206)
(0.8129081518 -0.07604424645 -0.2038105304)
(0.9256883967 -0.1535900082 -0.1954554679)
(0.677905418 -0.004984976786 -0.335410452)
(0.0397559072 0.009602504223 -0.04637163063)
(0.4891252835 -0.1646241925 -0.1782471514)
(0.312736016 0.02898570408 -0.1303179122)
(0.1645204561 -0.04291579964 -0.1131935319)
(0.136248223 -0.06553491402 -0.08267234453)
(0.1358040419 -0.05242562193 -0.08885568783)
(0.1394955247 -0.07095624042 -0.05554895368)
(0 0 0)
(0.1225567214 0.01263054584 -0.02607856562)
(0.1242045931 -0.03152869848 -0.07543417963)
(0.1899176528 -0.1215638669 -0.07456186281)
(0 0 0)
(0.03966431466 -0.02295699107 0.005805110836)
(0.1429438253 0.1055984109 -0.09309196804)
(0.05761386059 -0.001102921463 -0.09678864994)
(0.2634119646 0.01340345998 -0.1188896621)
(0.120586504 0.002027376417 -0.02670187851)
(0.1860198516 -0.05534938697 -0.0846184092)
(0.1321246312 0.00889832891 -0.06503736811)
(0.1616514901 -0.004297916726 -0.09965806706)
(0.08044787054 -0.006484176646 -0.04512933911)
(0.02321218392 0.04585115541 -0.05064879592)
(0.02886245988 0.04107554289 -0.02792054896)
(0.09088168823 -0.06584354933 -0.03519328526)
(0.06203763066 -0.006868993255 -0.02565264297)
(0.1244536789 -0.08805016668 -0.1079501636)
(0.17264894 -0.009518588787 -0.1183518715)
(0.05050321765 -0.006454471175 -0.01042966059)
(0.1234896627 -0.05311827574 -0.05025653511)
(0 0 0)
(0 0 0)
(0.1484228912 -0.0570594694 -0.06037933644)
(0 0 0)
(0.2905358537 -0.02718765278 -0.1105250375)
(0.2376268781 0.0377483745 -0.1750683294)
(0.1138934947 0.006696953474 -0.02841677367)
(0 0 0)
(0.3169122086 0.01481069092 -0.09121750037)
(0 0 0)
(0.08966557943 -0.0180808875 -0.06794297173)
(0.03241401534 -0.00368559299 -0.02165032329)
(0.06583017457 -0.02355775337 -0.0306251868)
(0.09608183283 -0.03730895219 -0.03273427257)
(0 0 0)
(0.2703945662 0.04061565268 -0.07197161288)
(0.0448605973 0.004761389106 -0.04119394031)
(0.02203900232 -0.01368245314 -0.00867993718)
(0.0643393441 0.009368397105 -0.05665290268)
(0.1122260412 0.03006857973 -0.06831580239)
(0.006134094666 -0.008760385481 0.02139619315)
(-0.02101537549 0.02777049026 0.02269544056)
(0.04732654654 -0.0241650974 0.03092704399)
(0 0 0)
(0 0 0)
(0 0 0)
(0 0 0)
(0 0 0)
(0 0 0)
(0 0 0)
(0 0 0)
(0 0 0)
(0.3088239566 0.009850940162 0.09104044541)
(0 0 0)
(0 0 0)
(0 0 0)
(0 0 0)
(0.05192753603 -0.04407930455 0.1041317784)
(0.1206878733 -0.04886691823 0.0939483823)
(0 0 0)
(0 0 0)
(0.3824711544 0.0003578914135 0.243443441)
(0 0 0)
(0 0 0)
(0 0 0)
(0 0 0)
(0 0 0)
(0 0 0)
(0 0 0)
(0 0 0)
(0.3460301 0.03252114675 0.1990208442)
(0 0 0)
(0 0 0)
(0 0 0)
(0.291344097 0.0269616276 0.120288047)
(0 0 0)
(0 0 0)
(0 0 0)
(0.4112801304 -0.06108149304 0.2944379927)
(0 0 0)
(0 0 0)
(0 0 0)
(0.1679967752 -0.05620494355 0.1399121705)
(0.01296188265 -0.003281492604 0.05364706714)
(0 0 0)
(0 0 0)
(2.968356458e-05 -0.02636641046 0.006701556031)
(0.008319454278 -0.000197016803 0.01865796021)
(0 0 0)
(0 0 0)
(0 0 0)
(0 0 0)
(0 0 0)
(0 0 0)
(0 0 0)
(0 0 0)
(0 0 0)
(0 0 0)
(0 0 0)
(0 0 0)
(0 0 0)
(0 0 0)
(0 0 0)
(0 0 0)
(0 0 0)
(0.1973153447 -0.06482491432 0.2104537256)
(0 0 0)
(0 0 0)
(0 0 0)
(0 0 0)
(0 0 0)
(0 0 0)
(0 0 0)
(0 0 0)
(0 0 0)
(0 0 0)
(0.05013904343 -0.01924039696 0.04410668471)
(0 0 0)
(0 0 0)
(0 0 0)
(0 0 0)
(0 0 0)
(0 0 0)
(0 0 0)
(0 0 0)
(0.2581096992 0.01850782095 0.1298194655)
(0 0 0)
(0 0 0)
(0 0 0)
(0 0 0)
(0 0 0)
(0 0 0)
(0.3908280454 -0.02525008689 0.2946329023)
(0 0 0)
(0 0 0)
(0 0 0)
(0 0 0)
(0 0 0)
(0 0 0)
(0 0 0)
(0 0 0)
(0 0 0)
(0 0 0)
(0 0 0)
(0 0 0)
(0 0 0)
(0 0 0)
(0 0 0)
(0 0 0)
(0.1181129646 -0.102713392 -0.02140391392)
(0.06962112509 -0.04932501774 0.02313160953)
(0 0 0)
(0 0 0)
(0 0 0)
(0 0 0)
(0 0 0)
(0 0 0)
(0 0 0)
(0 0 0)
(0 0 0)
(0 0 0)
(0 0 0)
(0 0 0)
(0 0 0)
(0 0 0)
(0 0 0)
(0.613454243 -0.02170683088 0.2592740406)
(0.745927844 -0.1132041759 0.3994676342)
(0.4761976387 -0.05731795149 0.2457789616)
(0 0 0)
(0 0 0)
(0 0 0)
(0 0 0)
(0 0 0)
(0 0 0)
(0 0 0)
(0 0 0)
(0 0 0)
(0 0 0)
(0 0 0)
(0 0 0)
(0 0 0)
(0 0 0)
(0.3853190983 -0.07884729784 0.1748622115)
(0 0 0)
(0 0 0)
(0 0 0)
(0.03811441621 -0.03918493635 0.01988352374)
(0 0 0)
(0 0 0)
(0 0 0)
(0 0 0)
(0 0 0)
(0 0 0)
(0 0 0)
(0 0 0)
(0 0 0)
(0 0 0)
(0 0 0)
(0 0 0)
(0 0 0)
(0 0 0)
(0 0 0)
(0.4734557492 -0.1161322077 0.2054974387)
(0.7365175262 -0.04524746798 0.3582730137)
(0 0 0)
(0 0 0)
(0 0 0)
(0 0 0)
(0 0 0)
(0 0 0)
(0 0 0)
(0 0 0)
(0 0 0)
(0 0 0)
(0 0 0)
(0 0 0)
(0 0 0)
(0 0 0)
(0 0 0)
(0 0 0)
(0.2720759862 -0.08344585053 0.07709541436)
(0 0 0)
(0 0 0)
(0 0 0)
(0 0 0)
(0 0 0)
(0 0 0)
(0 0 0)
(0 0 0)
(0 0 0)
(0 0 0)
(0 0 0)
(0 0 0)
(0 0 0)
(0 0 0)
(0 0 0)
(0 0 0)
(0.5423855861 -0.06311515758 0.2574819187)
(0 0 0)
(0 0 0)
(0 0 0)
(0 0 0)
(0 0 0)
(0 0 0)
(0 0 0)
(0 0 0)
(0 0 0)
(0 0 0)
(0 0 0)
(0 0 0)
(0 0 0)
(0 0 0)
(0 0 0)
(0.5978931586 -0.2017203304 0.2185761287)
(0.7609075436 -0.02329908005 0.1813087426)
(1.026812779 -0.1661328063 0.02082531001)
(0.5911094638 -0.04536973483 0.2592365749)
(0 0 0)
(0 0 0)
(0.01549187133 -0.03294262158 0.002504531709)
(0 0 0)
(0 0 0)
(0 0 0)
(0 0 0)
(0 0 0)
(1.131312038 0.1775833016 0.2934132409)
(0.5967206864 -0.1491284938 0.2574652943)
(0.392745825 -0.2159677769 0.1166329346)
(0.2453676062 -0.1585548641 0.00867367609)
(0 0 0)
(0 0 0)
(0 0 0)
(0 0 0)
(0 0 0)
(0 0 0)
(0 0 0)
(0 0 0)
(0 0 0)
(0 0 0)
(0 0 0)
(0.6658817144 -0.08430020242 0.1698976983)
(0 0 0)
(0 0 0)
(0 0 0)
(0 0 0)
(0 0 0)
(0 0 0)
(0 0 0)
(0 0 0)
(0 0 0)
(0 0 0)
(0 0 0)
(0 0 0)
(0 0 0)
(0 0 0)
(0 0 0)
(0 0 0)
(0.9246478782 -0.2182112669 0.3946845317)
(0 0 0)
(0 0 0)
(0.4407604647 -0.04029048323 0.2779812888)
(0.5355451367 -0.004306382541 0.2483926949)
(0 0 0)
(0 0 0)
(0 0 0)
(0 0 0)
(0 0 0)
(0 0 0)
(0 0 0)
(0 0 0)
(0 0 0)
(0 0 0)
(0 0 0)
(0 0 0)
(0.4669497156 -0.04243236971 0.1056883317)
(0.1335078352 -0.0339836474 0.01378077328)
(0 0 0)
(0 0 0)
(0 0 0)
(0 0 0)
(0.117758977 -0.03903136017 0.08529976131)
(0 0 0)
(0 0 0)
(0 0 0)
(0 0 0)
(0 0 0)
(0 0 0)
(0 0 0)
(0 0 0)
(0 0 0)
(0.9960708816 0.01444820106 0.4049401995)
(0 0 0)
(0 0 0)
(0 0 0)
(0 0 0)
(0 0 0)
(0 0 0)
(0 0 0)
(0 0 0)
(0 0 0)
(0 0 0)
(0 0 0)
(0 0 0)
(0 0 0)
(0.6175372287 -0.1432359611 0.3524843347)
(0.5102180086 -0.0711335624 0.2071452247)
(0 0 0)
(0 0 0)
(0 0 0)
(0.6932566981 -0.07978912511 0.2783201506)
(0 0 0)
(0 0 0)
(0 0 0)
(0 0 0)
(0 0 0)
(0.4914789658 -0.04825796945 0.2060331611)
(0 0 0)
(0 0 0)
(0 0 0)
(0 0 0)
(0 0 0)
(0.5860559689 -0.08709665257 0.07540067382)
(0.3265159856 -0.04834562222 0.002803025932)
(0.489575273 -0.1263021179 0.04921623691)
(0.1148672027 -0.06988263341 -0.005319239708)
(0.02428534016 -0.0267987058 0.003083164146)
(0 0 0)
(0.04385126414 -0.01956142511 -0.03157564527)
(0 0 0)
(0 0 0)
(0 0 0)
(0 0 0)
(0 0 0)
(0 0 0)
(0 0 0)
(0 0 0)
(0 0 0)
(0 0 0)
(0 0 0)
(0 0 0)
(0 0 0)
(0 0 0)
(0 0 0)
(0 0 0)
(0 0 0)
(0 0 0)
(0 0 0)
(0 0 0)
(0 0 0)
(0 0 0)
(0 0 0)
(0 0 0)
(0.7052341436 -0.09744306409 0.1708911461)
(0 0 0)
(0 0 0)
(0 0 0)
(0 0 0)
(0 0 0)
(0 0 0)
(0 0 0)
(0 0 0)
(0 0 0)
(0.4750645048 -0.01809980649 0.1800666752)
(0.04539647279 -0.03773919885 -0.006697481976)
(0 0 0)
(0 0 0)
(0 0 0)
(0 0 0)
(0 0 0)
(0 0 0)
(0 0 0)
(0 0 0)
(0 0 0)
(0 0 0)
(0 0 0)
(0 0 0)
(0.4887935879 -0.07893090711 0.07838000073)
(0.2020550494 -0.04269759305 -0.04309099595)
(0.1206026057 -0.08359462866 -0.03763290214)
(0.05433269284 -0.07174737714 0.0248221833)
(0.06625095529 -0.04577448765 -0.003263465437)
(0.05587311567 -0.04289471079 -0.07002517761)
(0 0 0)
(0 0 0)
(0 0 0)
(0.01464814067 -0.0143036562 -0.007150074677)
(0 0 0)
(0.05493984555 -0.04621124365 -0.02085987427)
(0 0 0)
(0 0 0)
(0 0 0)
(0 0 0)
(0 0 0)
(0 0 0)
(0 0 0)
(0 0 0)
(0 0 0)
(0 0 0)
(0 0 0)
(0 0 0)
(0 0 0)
(0.5163439255 -0.01031912439 0.06940119097)
(0 0 0)
(0 0 0)
(0 0 0)
(0.7364942613 -0.03120792677 0.2072851733)
(0 0 0)
(0 0 0)
(0 0 0)
(0 0 0)
(0 0 0)
(0 0 0)
(0 0 0)
(0 0 0)
(0 0 0)
(0.04738657729 -0.0491296383 0.003181698936)
(0 0 0)
(0 0 0)
(0 0 0)
(0.4751871484 0.02690952062 0.1466571142)
(0 0 0)
(0 0 0)
(0 0 0)
(0 0 0)
(0 0 0)
(0 0 0)
(0 0 0)
(0 0 0)
(0.5377524827 -0.02539896651 0.02466767296)
(0.5361558088 -0.1074706795 0.0455434733)
(0 0 0)
(-0.001469194699 -0.0005575627878 -0.01749964728)
(0 0 0)
(0.03271713581 -0.01434874381 -0.02241321671)
(0.02756571443 -0.04110788572 -0.01651839352)
(0 0 0)
(0 0 0)
(0 0 0)
(0 0 0)
(0 0 0)
(0 0 0)
(0.5297015807 -0.1159556421 -0.006240437492)
(0.104722852 -0.0630791295 0.02357756315)
(0.1533157089 -0.08052990354 -0.08468388228)
(0.2374693349 -0.02682992371 0.004086094961)
(0.02945382052 -0.04332203579 -0.003024124357)
(0.01520369386 -0.01108071601 -0.0251231222)
(0.008763501944 -0.0005641059635 -0.03910083485)
(0 0 0)
(0 0 0)
(0 0 0)
(0 0 0)
(0 0 0)
(0 0 0)
(0 0 0)
(0 0 0)
(0 0 0)
(0 0 0)
(0 0 0)
(0 0 0)
(0 0 0)
(0 0 0)
(0 0 0)
(0 0 0)
(0 0 0)
(0 0 0)
(0 0 0)
(0 0 0)
(-0.003982459317 -0.02941277359 0.0131620961)
(0 0 0)
(0.05421355305 -0.07320305972 -0.02465286021)
(0 0 0)
(0 0 0)
(0 0 0)
(0 0 0)
(0 0 0)
(0 0 0)
(0 0 0)
(1.07995138 -0.1615065033 0.006031338355)
(0.9148405398 -0.1952986743 -0.0413429219)
(0 0 0)
(0 0 0)
(0.009656173639 -0.003022357212 -0.02726291944)
(0 0 0)
(0 0 0)
(0 0 0)
(0 0 0)
(0 0 0)
(0 0 0)
(0 0 0)
(1.205128896 -0.3413653492 -0.09646247387)
(0.1925298078 -0.02367902027 -0.07840689133)
(0.1059801579 -0.05163047608 -0.09184721399)
(0 0 0)
(0 0 0)
(0.0398689591 -0.02598118371 -0.03161482277)
(0 0 0)
(0 0 0)
(0.09163177782 -0.0403143969 -0.03112726052)
(0 0 0)
(0 0 0)
(0 0 0)
(0 0 0)
(0 0 0)
(0 0 0)
(0 0 0)
(0 0 0)
(0 0 0)
(0 0 0)
(0 0 0)
(0 0 0)
(0 0 0)
(0 0 0)
(0 0 0)
(0 0 0)
(0.7894969093 -0.01725495244 0.1537934362)
(0 0 0)
(0 0 0)
(0 0 0)
(0 0 0)
(0 0 0)
(0 0 0)
(0 0 0)
(0 0 0)
(0 0 0)
(0 0 0)
(0 0 0)
(0 0 0)
(0.3118804745 -0.07064870926 0.01733751872)
(0.6435649277 -0.1481189072 -0.006532664537)
(0.008938364952 -0.004320545886 -0.0161230755)
(0 0 0)
(0 0 0)
(0 0 0)
(0 0 0)
(0.08742898539 -0.04750825941 -0.03525321301)
(0 0 0)
(0.02215298034 -0.01640378063 -0.02963253049)
(0 0 0)
(0 0 0)
(0.1777927243 -0.06739488998 -0.07126648306)
(0.07401361143 -0.02814007576 -0.06926107893)
(0.1554552732 -0.0284670808 -0.072953861)
(0.1123739412 -0.07020539925 -0.01700824575)
(0 0 0)
(0.05719549977 -0.01574712297 -0.01074117687)
(0.05248316182 -0.001088793877 -0.01666647332)
(0.02650242113 -0.03282030179 -0.01787122728)
(0.07897304156 -0.0918934511 -0.03671766663)
(0.2090029531 -0.1064904466 -0.1130306734)
(0 0 0)
(0.04818672413 -0.03166935404 -0.05566566455)
(0.02351622581 -0.04619534556 -0.0273225466)
(0.05853270963 -0.02112388245 -0.07549317207)
(0.01965139576 -0.04370535193 0.02025821612)
(0 0 0)
(0 0 0)
(0.04612181736 -0.03069545281 0.00823821989)
(0.09884566185 -0.03889177885 -0.08446995849)
(0 0 0)
(0 0 0)
(0.005795028172 -0.06615298131 0.004643828468)
(0 0 0)
(0.1196292644 -0.0501275293 -0.05060306953)
(0 0 0)
(0 0 0)
(0 0 0)
(0 0 0)
(0 0 0)
(0 0 0)
(0 0 0)
(0 0 0)
(0 0 0)
(0.6118407377 -0.003044548108 0.3936812443)
(0 0 0)
(0 0 0)
(0 0 0)
(0 0 0)
(0 0 0)
(0 0 0)
(0.9800039395 0.006353698645 -0.1669253234)
(1.03764723 -0.1023549042 -0.04088551759)
(0 0 0)
(0 0 0)
(0 0 0)
(0 0 0)
(0 0 0)
(0 0 0)
(0.3339220808 -0.02100757345 -0.0927432468)
(0.3186915452 -0.1474456693 -0.0703672627)
(0.08372149241 -0.03187867461 -0.09425976095)
(-0.00138936292 -0.01309535098 -0.02201136176)
(0 0 0)
(0 0 0)
(0 0 0)
(0.01954742034 -0.01178321412 -0.02461175815)
(0 0 0)
(0.9436300993 -0.04016578423 -0.01299561121)
(0.1940650817 -0.06721593975 -0.02275216351)
(0.0648043173 -0.04228389402 -0.04562218378)
(0.1085669815 -0.06599751153 -0.03644091939)
(0.1157979174 -0.08907924768 -0.05207856298)
(0.09709593498 -0.01237510351 -0.05067954419)
(0 0 0)
(0.0163074091 -0.02572102538 -0.01296542429)
(0.07862080669 -0.02516585834 -0.0626138962)
(0.05090900803 0.003963084254 -0.02980257183)
(0.01042876313 -0.0205824205 -0.009326261102)
(0.01967128598 0.002363561194 -0.04322098544)
(0.06286183518 -0.03635777341 -0.03928341167)
(0.09480154366 -0.06053279719 -0.05286467388)
(0.06355125077 -0.02083267387 -0.02918094634)
(0 0 0)
(0.06967797131 -0.01931268735 -0.05719231817)
(-0.009125333289 -0.01038788584 -0.05934218829)
(0.1320869448 -0.04952657355 -0.03877477807)
(0 0 0)
(0 0 0)
(0 0 0)
(0.005398895962 -0.007845228177 -0.03182693264)
(0 0 0)
(0.04211890183 -0.008047643662 -0.04636916241)
(0 0 0)
(0 0 0)
(0 0 0)
(0 0 0)
(0.003431349887 -0.0004969903054 -0.02121997212)
(0 0 0)
(0 0 0)
(0 0 0)
(0 0 0)
(0 0 0)
(0 0 0)
(0 0 0)
(0 0 0)
(0 0 0)
(0 0 0)
(0 0 0)
(0 0 0)
(0 0 0)
(0.279041957 -0.1061172839 -0.08600231238)
(0.07512717635 -0.04325853328 -0.0186715582)
(0 0 0)
(0 0 0)
(0 0 0)
(0 0 0)
(0 0 0)
(0.312706035 0.02725684512 -0.05644281728)
(0.3081554757 -0.06954031827 -0.1104683814)
(0.2173018888 -0.116293769 -0.1453853445)
(0.01259328101 0.009613425702 -0.06871462669)
(0.1642289021 -0.04765342747 -0.08977556894)
(0.06391795192 -0.0127840011 -0.0342817508)
(0.1324094976 -0.02779489044 -0.06471033965)
(0.1972137709 -4.282008335e-05 -0.06725693205)
(0.07546609665 -0.03891605993 -0.06902146305)
(0.1783514633 -0.05667614535 -0.07865653096)
(0.09375047975 0.0004492661792 -0.08927626543)
(0.07072759602 -0.01922387457 -0.01261108308)
(0 0 0)
(0.07698663591 -0.05914294023 -0.02409704607)
(-0.003007695767 -0.02745300389 -0.01431605429)
(0 0 0)
(0 0 0)
(0 0 0)
(0 0 0)
(0 0 0)
(0 0 0)
(0 0 0)
(0 0 0)
(0.2757744335 0.03679685699 -0.03329833275)
(0.1977533597 -0.1710388394 -0.1431506758)
(0.1885449637 -0.02174399051 -0.07876586255)
(0 0 0)
(0.1666610789 -0.04392001273 -0.09408689014)
(0.1013599696 -0.03358451557 -0.03079241428)
(0.1014137876 -0.0483494698 -0.05512703264)
(0.04343198136 -0.02050695628 -0.07029862451)
(0.08340290029 -0.05353330216 -0.02709886821)
(0 0 0)
(0.02959268591 -0.004441362894 -0.01662891366)
(0 0 0)
(0.0925779736 -0.02631502931 -0.02530215312)
(0.04596383583 -0.03063055119 -0.03851381107)
(0.02028887192 -0.02731908158 -0.0118838189)
(0 0 0)
(0.06446227432 -0.01130656691 -0.0377273692)
(0 0 0)
(0.06774793879 -0.04898168329 0.002915218034)
(0.05697867309 0.003706985334 -0.03206361532)
(0.04854051152 -0.01863172556 0.001950534358)
(0.06432892014 -0.06195456924 -0.02302088084)
(0 0 0)
(0 0 0)
(0.04517641942 -0.008169039797 -0.02539606145)
(0.06387555422 -0.01550602459 -0.007162147249)
(0 0 0)
(0 0 0)
(0.02586364047 -0.02389626536 -0.01743472025)
(0.04929144589 0.03697692538 -0.06856750418)
(0.05811619434 -0.05978237721 -0.0525153884)
(0.02628906903 -0.05621938203 -0.03862947243)
(0.253013083 -0.0444659376 -0.1670445544)
(0.09067573197 -0.008639408682 -0.0385431458)
(0.1764459913 -0.01899870162 -0.07627321651)
(0.07296202838 0.05065452806 -0.07029363685)
(0 0 0)
(0 0 0)
(0 0 0)
(0.6110198688 -0.01570476709 -0.1800985107)
(0.4852385731 0.01202943062 -0.09670278926)
(0.1257260731 0.02678202756 -0.04106874874)
(0.2247128431 0.003616185652 -0.07562622169)
(0.02897028883 0.0526800846 -0.03487479051)
(0.02065586524 0.05639354814 -0.0612675574)
(0.1774960486 -0.05903880778 -0.1516342248)
(0.1010693702 -0.0187545436 -0.05156327934)
(0 0 0)
(0 0 0)
(0 0 0)
(0.4558140763 -0.1152676311 -0.1796046536)
(0.1601234866 0.002927862717 -0.05683661532)
(0.1838333676 -0.04453240847 -0.06769665015)
(0.1540552368 0.03699683023 -0.1279518122)
(0.1382670258 -0.03783202245 -0.07479635491)
(0.1626285507 -0.03463335765 -0.1178554808)
(0.1467428776 0.006162848277 -0.1190813186)
(0.07067237455 0.009845347519 -0.08821961132)
(0 0 0)
(0 0 0)
(0 0 0)
(0.2278292095 0.01701862171 -0.1207853113)
(0.1190277837 -0.01727131446 -0.06259495234)
(0.05584384485 -0.06393918257 -0.08216360955)
(0.1350360491 0.001769177332 -0.1365755346)
(0.2478398349 -0.07895523218 -0.1006506064)
(0.3970625907 -0.04507595066 -0.1081624851)
(0.07952823913 -0.0373347156 -0.009771802932)
(0 0 0)
(0.1039423917 -0.0292706582 -0.06607652233)
(0.1194482815 -0.0450691718 -0.05768177789)
(0.0679526818 0.03434294774 -0.02800169065)
(0.3497302212 -0.04635755045 -0.09124746964)
(0 0 0)
(0 0 0)
(0 0 0)
(0 0 0)
(0 0 0)
(0 0 0)
(0.2581817734 -0.0926172349 -0.04653968718)
(0.144420178 -0.006733828215 -0.01016573889)
(0.1977774122 0.06561096746 -0.1124502909)
(0.05671565839 -0.03342046942 -0.008486342165)
(0.1188289946 0.01013805369 -0.0119449658)
(0.04575710632 -0.04235067356 -0.004721641406)
(0.09895556713 0.01561419038 -0.1230839095)
(0.09753633143 -0.06661899471 -0.04168882737)
(0.0340205716 0.01651085972 -0.04548185084)
(0.1327901993 0.001569490306 -0.07391711639)
(0.1697110788 -0.04530532299 -0.1112855875)
(0 0 0)
(0 0 0)
(0.2286430025 -0.008714586052 -0.03444491134)
(0.07063097725 -0.01317599994 -0.04926480215)
(0.1408733772 -0.04235345908 -0.05552774995)
(0.03439097547 -0.001329167002 -0.01679722389)
(0.2098168197 -0.08380411129 -0.05270044987)
(0.07338016947 -0.0051174712 -0.0108366619)
(0 0 0)
(0.01361047134 -0.02634867892 0.0002958063883)
(0 0 0)
(0 0 0)
(0.04156314057 -0.01910660217 -0.02249210946)
(0 0 0)
(0 0 0)
(0.005070961151 -0.02586231193 -0.002012976336)
(0 0 0)
(0.3355071011 -0.1052408884 -0.1998450313)
(0 0 0)
(0.1656363579 -0.03267808348 -0.05892758687)
(0.01899383262 0.006496847324 -0.008357834678)
(0.09239837605 -0.01802531356 -0.04999092825)
(0 0 0)
(0.09018969199 -0.01159311797 -0.07897347475)
(0.2312091832 -0.05433349475 -0.03190185501)
(0.2320609721 -0.03228014923 -0.100058376)
(0.2066377622 -0.01755715463 -0.05117418356)
(0.1712145248 -0.03163614943 -0.06914597945)
(0.05266168283 -0.0127672209 -0.0526840083)
(0.09010902192 -0.04277378115 -0.009266920099)
(0 0 0)
(0.05627318998 -0.02409600436 -0.009150128976)
(0 0 0)
(0.1006982357 -0.0471377557 -0.04280160601)
(0.05184019804 -0.01093327929 -0.03199885802)
(0 0 0)
(0 0 0)
(0.09109098125 -0.0125392582 -0.04833124226)
(0.04522815657 -0.01581479278 -0.02849470452)
(0 0 0)
(0.01925491755 -0.02837772247 -0.01104863473)
(0.03156567931 -0.04419584003 0.01583385861)
(0.156292355 0.03957721696 -0.1055563856)
(0.2547868092 -0.03043968553 -0.05784729251)
(0.2251103009 0.05231162855 -0.1044101834)
(0.07914135327 -0.02053683798 -0.0314680366)
(0.3329679934 -0.01156642683 -0.07862285139)
(0.1920319953 -0.03997569637 -0.1379979741)
(0.1384091274 0.02606795825 -0.02878811437)
(0.1430826309 -0.04619953985 -0.09395903458)
(0.05217734622 -0.005506618976 -0.04451031111)
(0.4740511412 -0.1790682813 -0.3047548643)
(0.275759269 0.04176057769 -0.1154306989)
(0.2273611184 0.04937928808 -0.1743940364)
(0.2057613047 -0.01997864476 -0.06232976251)
(0 0 0)
(0 0 0)
(0 0 0)
(0 0 0)
(0.129890574 0.05908487957 -0.0671712381)
(0.0327664737 -0.005133002733 -0.06423422501)
(0.09487698159 -0.01299052813 -0.0510837649)
(0.08233825466 -0.01825126266 -0.05326657775)
(0.1086504342 0.08602999558 -0.1214060783)
(0.1807993778 -0.100144088 -0.0687905549)
(0.07094368415 0.0509201935 -0.09271947166)
(0.1709621837 -0.01589914863 -0.05107790806)
(0.1959913362 0.02579425109 -0.1696206119)
(0.1295368521 -0.01627721216 -0.03408718055)
(0.07948836155 0.04145026975 -0.03193766482)
(0.1936821493 -0.01807236611 -0.1074743759)
(0 0 0)
(0 0 0)
(0 0 0)
(0.3115485944 -0.07423925437 -0.2225394838)
(0.08010643257 0.005367217145 -0.03621626329)
(0.2523483144 0.02279817741 -0.1117327032)
(0.179888639 0.0008643635998 -0.0316424555)
(0.1873110505 -0.01895295066 -0.09397510895)
(0.1710992934 -0.06803495618 -0.09213791181)
(0.178051369 -0.0121156539 -0.06315459997)
(0.2567883605 -0.02045076494 -0.0362332835)
(0.1643214436 -0.01849925133 -0.1167235594)
(0.1053586962 -0.02564998348 -0.04260521486)
(0.2112520502 0.03014099017 -0.1264633031)
(0.1323750215 -0.03353239371 -0.07014452978)
(0.2287152981 -0.08130276385 -0.05204751385)
(0 0 0)
(0 0 0)
(0.2137413564 -0.1203209542 -0.09849218093)
(0.1966655392 0.02687201614 -0.03488709161)
(0.08327209264 -0.01078622974 -0.02119384402)
(0.2362748901 -0.008059183562 -0.1864880471)
(0 0 0)
(0.1144775836 -0.04088423805 -0.09524400954)
(0.05295339286 -0.02241187813 -0.04680979122)
(0.06852202252 -0.002251210348 -0.004844416113)
(0 0 0)
(0.1368819919 -0.007929186384 -0.03823807531)
(0.1265395989 -0.0716499813 -0.06589857908)
(0.2793733769 -0.1101178017 -0.1974303161)
(0.2642704574 -0.1344602672 -0.1736027627)
(0.1468683957 -0.02746172267 -0.09045376479)
(0.09476402926 -0.07342303732 -0.04520490152)
(0.04519353983 -0.01203045111 -0.01754329184)
(0.1622534643 -0.05528404792 -0.08751898416)
(0 0 0)
(0 0 0)
(0.1204431003 0.001665789625 -0.1003514856)
(0 0 0)
(0.04433768995 -0.02647599782 -0.02788810767)
(0.04381241326 -0.02198246701 -0.005305499874)
(0 0 0)
(0 0 0)
(0 0 0)
(0 0 0)
(0 0 0)
(0 0 0)
(0 0 0)
(0 0 0)
(0 0 0)
(0 0 0)
(0.076484931 -0.06620539491 -0.03880021259)
(0.08229534773 0.02140538626 -0.02952554134)
(0.3836042695 -0.05139634178 -0.1666262963)
(0.1190768842 -0.02253909076 -0.06674162209)
(0 0 0)
(0.0937077988 -0.06150629668 -0.02283279496)
(0.06277602242 -0.02155963506 -0.01072109918)
(0 0 0)
(0 0 0)
(0 0 0)
(0 0 0)
(0.1640807517 -0.08109629167 -0.1137025317)
(0.07718269911 0.005553569436 -0.06810075588)
(0.4684596154 -0.08547214346 -0.1470123582)
(0.2632780418 -0.06000425748 -0.1983805308)
(0.2456175246 0.001693920964 -0.1279711272)
(0.1139170942 -0.03384776045 -0.05488979134)
(0 0 0)
(0.1217198845 -0.06430802108 -0.04641461069)
(0.3205335594 -0.06479198352 -0.1002648265)
(0.1447434178 -0.005376368227 -0.03480015428)
(0.1675198215 -0.004697836577 -0.09332473608)
(0 0 0)
(0 0 0)
(0.1094952079 0.01838429313 -0.05345158184)
(0.1489849873 0.0143749335 -0.1226261997)
(0.1303579631 -0.0308036408 -0.06251847248)
(0.1236416822 -0.04763414069 -0.08240760505)
(0.06527739726 -0.05874035287 -0.05395794813)
(0.1266106304 -0.06748311859 -0.03236761627)
(0.1563853727 -0.02924007633 -0.1001589101)
(0.1204626322 -0.08033484377 -0.03216133987)
(0.01751215356 -0.0002495849932 -0.03048375022)
(0.07806657657 0.01358385 -0.005286092593)
(0.03636066707 -0.01453065859 -0.03332692875)
(0.1070617279 -0.01749093862 -0.07101082412)
(0.06937913483 -0.01155242431 -0.06623215192)
(0.120363671 -0.01547875968 -0.09482204885)
(0.10358107 -0.04905672182 -0.04949519894)
(0.2173845298 -0.04099284877 -0.08764223488)
(0 0 0)
(0 0 0)
(0 0 0)
(0 0 0)
(0.1117932829 -0.0439729214 -0.1456360691)
(0.059564826 -0.01521129486 -0.03302128396)
(0.1591722982 -0.105275481 -0.1192530974)
(0.0820857787 -0.007578177816 -0.07337970407)
(0.07255375865 7.618354216e-05 -0.003972138351)
(0.257846218 -0.00859021191 -0.1287262352)
(0 0 0)
(0.3637323489 -0.04458444849 -0.1451286539)
(0.1456808026 -0.02009610366 -0.07019225337)
(0.1403296971 -0.02517368817 -0.05636450218)
(0.03926997543 -0.04063489898 -0.02566855829)
(0.4545121161 -0.2879592844 -0.09140554077)
(0 0 0)
(0 0 0)
(0 0 0)
(0 0 0)
(0 0 0)
(0 0 0)
(0.02680337393 0.01885374195 -0.0392042464)
(0.2490451055 -0.02980465097 -0.02210564782)
(0 0 0)
(0.1857578067 -0.1045177912 -0.04313976628)
(0 0 0)
(0.1175981891 -0.02544376933 -0.07896027307)
(0 0 0)
(0 0 0)
(0.03890384405 -0.03348952727 -0.009369532104)
(0.09230499395 -0.03932520038 -0.06354518186)
(0.1538731064 -0.03195164646 -0.06967967351)
(0.01271831362 -0.02159786758 -0.01522418119)
(0.1417111036 -0.01024968368 -0.1079253694)
(0 0 0)
(0.10263077 0.05043960729 -0.07550241443)
(0 0 0)
(0 0 0)
(0.105388956 0.005674659031 -0.05813085136)
(0.2643013038 -0.03894002362 -0.1456500803)
(0 0 0)
(0 0 0)
(0 0 0)
(0 0 0)
)
;
    }
    spline
    {
        type            calculated;
        value           uniform (0 0 0);
    }
}


// ************************************************************************* //
