/*--------------------------------*- C++ -*----------------------------------*\
| =========                 |                                                 |
| \\      /  F ield         | OpenFOAM: The Open Source CFD Toolbox           |
|  \\    /   O peration     | Version:  v1706                                 |
|   \\  /    A nd           | Web:      www.OpenFOAM.com                      |
|    \\/     M anipulation  |                                                 |
\*---------------------------------------------------------------------------*/
FoamFile
{
    version     2.0;
    format      ascii;
    class       volScalarField;
    location    "0.4543";
    object      surfaceShearStress_O2;
}
// * * * * * * * * * * * * * * * * * * * * * * * * * * * * * * * * * * * * * //

dimensions      [1 -1 -2 0 0 0 0];


internalField   uniform 0;

boundaryField
{
    symmetry
    {
        type            symmetry;
    }
    inlet
    {
        type            calculated;
        value           uniform 0;
    }
    orion
    {
        type            calculated;
        value           nonuniform List<scalar> 
1990
(
0.05511657094
0.03882773533
0.2220949192
0.03399394773
0.0901538172
0
0.03285825956
0
0.1775903279
0
0.2215346045
0.1182868716
0
0.1276855516
0.1348031032
0
0.3333427167
0.03975349807
0.2415628004
0
0
0.2647413451
0
0.2033679961
0
0.1132866533
0
0.1290490195
0.1931764675
0.07863878535
0.09585754916
0.3465491736
0.3581052239
0
0.2921696193
0
0.1650695755
0
0.2430653966
0.29444472
0
0.2247514999
0
0.2179418062
0
0.1917937601
0
0.1988934332
0
0.5221229919
0
0.1900343729
0.08756426311
0
0
0.3008945434
0
0.2154249775
0
0.3187748129
0.1424018797
0.2054229924
0.03477044428
0
0
0
0.1726066181
0
0.4123855809
0
0.2083030656
0.3771952247
0.2953609677
0
0
0
0
0.1852338586
0.3112555911
0
0.3409687193
0.2079713445
0.2127342209
0
0.2783141088
0.03216027729
0.2107752821
0
0
0.3139010971
0
0.1074753324
0.1472881868
0
0
0.2798444842
0
0.5616913341
0
0.3619267667
0
0.177564559
0.3799958238
0.3777401735
0.3115977874
0
0.4641459555
0
0
0.5511895896
0
0
0.2486614146
0
0
0.5343751364
0
0.5376095911
0
0.2245453613
0
0.206440049
0
0
0.2604884292
0
0
0
0.2492159805
0
0.02976209796
0.1229440225
0
0
0
0
0.2736794876
0
0.1400616526
0
0
0
0.3377000219
0
0.0576112219
0.3908643536
0
0.3736070382
0.2614033667
0.4565940279
0
0.3547897497
0
0
0.2451140794
0
0.2882480073
0
0.3917988009
0.08284837581
0.1757912458
0.07268011364
0
0
0.2800992752
0
0.2328037736
0
0.2371030867
0
0.2100263649
0
0
0.2552846037
0.08724192825
0
0.2507393517
0
0.2892604971
0.3122156902
0.2501411889
0
0.243119026
0.02876705601
0
0.5968659608
0
0
0.04209824637
0
0
0
0
0.2436028802
0
0.44567412
0
0.2335003967
0.1226319309
0.1488288726
0.02866453582
0.05239713531
0.04422141351
0.1614518704
0
0
0
0
0
0.3215385151
0
0
0.313818063
0.1612343071
0.1051835665
0.02907743918
0.07189226833
0.1174334288
0.1314497459
0.07096120936
0
0
0.1240924556
0.3721563804
0.01863230731
0
0.1208511847
0.07418449484
0
0
0.4848837262
0.1016838908
0
0.1899219098
0.1041699556
0.09710088263
0
0.1283048843
0.1334260631
0.1077367633
0
0
0.05043109267
0.1175198475
0
0.1288784032
0.05007665365
0
0.1620919195
0.1855829755
0.2610072518
0
0.04756478591
0.1999373119
0.07742481067
0
0.1188877812
0.08945721336
0.1480394802
0
0.1356544745
0
0.1287015375
0
0.08299466023
0.06853975302
0
0.02480859125
0
0.01236950514
0
0.1625030045
0.143542757
0.1534437862
0.06944991313
0.321145832
0.3060182225
0
0
0
0.06573487723
0.2427485229
0.08289879635
0.1042944615
0.202068209
0.05138001954
0.04873812724
0
0
0.1466886693
0.2859054435
0.1395439648
0.09930262784
0.2451961123
0.1170620812
0.1977095763
0
0.1164318663
0
0.08991625622
0
0
0.0639293843
0.1085349581
0.2466458517
0.1606987047
0.07766723704
0.1534712961
0.2136186392
0.05455451007
0.158777877
0.1925914463
0.3618652343
0.3159549699
0.3456532152
0.1588660289
0.1464278507
0.0331350819
0.1447412667
0
0.202862491
0.253844621
0.1213072651
0.2210261935
0.2364195811
0.2933269227
0.3724239161
0.1346579023
0.04005131337
0.148637357
0
0.3771619996
0.2085326459
0.09600933256
0.4346461495
0.07537107374
0
0
0
0.2373304533
0.1774783341
0
0.09119225724
0.3275440643
0.3418505773
0.1791710806
0.2216096764
0.1384180751
0.3547437945
0.3559605039
0.1945980634
0.1117441792
0.2105172598
0
0.1571835368
0.1880258917
0.2878356264
0.07530988166
0.1368762776
0.08033952962
0.1522025351
0.1702959472
0.2594912098
0.2435053377
0.2233349102
0.1261877081
0.2288795483
0.1246180999
0.1814791828
0.2578846573
0.2950202742
0.06363721251
0.1183379619
0.1098176054
0.2692561175
0.1061763292
0.2336220336
0.1179062563
0.3373553508
0.1243151823
0.1536511266
0.1134538987
0
0.185587404
0.04777946421
0.4138428687
0.1433095231
0.2088822571
0.7552541142
0.2172196182
0.2733276901
0.3948488855
0.232401956
0.2595903337
0
0.08087804758
0.3259480351
0.2209913978
0.1851766705
0.385063656
0.682893005
0.104848008
0.2332863428
0.1929257615
0.3913415114
0.1038881161
0.2318036073
0.1198015817
0.2157175772
0.2121971233
0.7549353417
0.1389734873
0.1462336704
0.09610409081
0.2466563515
0.0169695045
0.2145265595
0.1966106014
0.1694941141
0.2030600128
0.2270736969
0.0217514279
0
0.3098895515
0.296615412
0.2042156275
0
0
0.1547186051
0.2157044553
0.2834456836
0.1875433516
0.09506300113
0.2722675475
0.3960046572
0.2805852742
0.3045453568
0.2713018762
0.2795102353
0.1628186257
0.2725990415
0.2891084346
0.2490314408
0.1401448655
0.2409037359
0.1731496037
0.3427563991
0.2921673439
0.2293279057
0.07166823801
0.2044414199
0.06171470247
0.3600983436
0.4844029017
0.09079230116
0.2198293941
0.05920976379
0.2947037787
0.2100247241
0.1588752263
0.1160032357
0.2218052076
0
0.3186116853
0.3659666896
0.1192962862
0.265925258
0.3496561936
0.3006501577
0.2648940881
0.168716982
0.2304616808
0.1859078112
0.1153730439
0.411943492
0.1866721437
0.1267863378
0.3292194649
0.09375837043
0.2170668154
0.2450290034
0.249595565
0.3879967874
0.1211549795
0.2718994897
0.1643501221
0.3167197815
0.2640441142
0.07603212556
0.1641382188
0.3117097356
0.1837921147
0.1468894768
0.1079148662
0.006723174428
0.3149335972
0.2756003913
0
0.3125952577
0.276583997
0.2486268302
0.2524251714
0.2166650495
0.2061293682
0.329352
0.3547459699
0.1627743305
0.3636744222
0.2363237605
0.1565024753
0.2472257731
0.1148226633
0.2560414702
0.3323211472
0.4493532218
0.2678683457
0.4466066188
0.4246697605
0.3285404584
0.2823671631
0.2546669857
0.3835360931
0.2398534145
0.2936250957
0.3085215507
0.2714006862
0.263831241
0.1390509143
0.05964121272
0.1543479158
0.3219998349
0.3571413634
0.1180641383
0.2495791524
0.3482138768
0
0.3635909537
0.1451901689
0.3271126714
0.4258141757
0.1420876382
0.2028605572
0.3125535668
0.316710965
0.3984156479
0.1741344602
0.3381008388
0.2687405582
0.4368302991
0.3573004553
0.5604238325
0.2642099834
0.1475749205
0.1961523156
0.04302031334
0.2710071488
0.2839598564
0.2045681435
0.2659717031
0.2224796594
0.1997208526
0.2959066782
0.1662054729
0.08699885185
0.3215347917
0.3130302631
0.2510300239
0.2917432748
0.1998657946
0.2142791403
0.3482613584
0.4014983191
0.3054907147
0.2859086357
0.5348809571
0.3463340659
0.09677688737
0.4130850995
0.3138815002
0.3046562643
0.371543176
0.3491012481
0.3820343541
0.4520901858
0.5075635499
0.2343860356
0.2337200601
0.1274670809
0.1152762145
0.2067651852
0.1630974997
0.3298698263
0.2217021886
0.356356732
0.3432738891
0.1625740177
0.3700317383
0
0.3186738344
0.3209847168
0.4010496443
0.1829709503
0.1912429954
0.1290562872
0.3436511956
0.1767520933
0.3007808875
0.3847821169
0.3673327351
0.412972997
0.6315693833
0.2386817584
0.2579854517
0.3777002853
0.5469199245
0.2935519454
0.4679776124
0.3770111829
0.284979659
0.3694568549
0.1739959301
0.266570881
0
0.1638808761
0.2985749116
0.2390499971
0.4233669974
0.1534880899
0.1387149631
0.2478913433
0.3823133405
0.4031247112
0.4514977142
0.1156379437
0.1455906315
0.5004997343
0.3764776496
0.5103596587
0.5632507001
0.1573105151
0.3100887972
0.1055719321
0.3905787348
0.606047553
0.1536889709
0.1250066629
0.3569000416
0.3488788625
0.3042080757
0
0.1960896812
0.4236314029
0.22467228
0.2334454349
0.1544374471
0.2403919757
0.2754287648
0.3214975319
0.1680321724
0.3088585612
0.3634720025
0.1589399005
0.1183454318
0.09364663765
0.1324275474
0.2620479512
0.3619151302
0.4250064198
0.3099453729
0.2394049591
0.1292601013
0.3849103002
0.2457719928
0.199497223
0.3390763968
0.484926909
0.1086997154
0.2317756837
0.5210357291
0.1247585599
0.26959854
0.1518615907
0.2092575131
0.3235916139
0.3074400206
0.09032339765
0.2498989508
0.2662952835
0.2243471797
0.2322143182
0.5698922299
0.1392685171
0.1167482073
0.1699959865
0.166958561
0.4408282038
0.3066380388
0.4102174255
0.3830015805
0.4102289526
0.4029051997
0.3288409803
0.1938202115
0.2226676398
0.246786834
0.3089726067
0
0.3124946603
0.421800476
0.2305603218
0.1393015136
0.3823716645
0.2633751182
0.2376349014
0.3955957127
0.2751889662
0.1761709296
0.322571245
0.6083759561
0.1443230122
0.2540713895
0.3565727683
0.3330291674
0.3961530826
0.5213015573
0.4948081973
0.2584606982
0.30676491
0.1918090452
0.152878951
0.1620255291
0.2718670939
0.123015654
0.1507816551
0
0
0.019030199
0.2062228652
0.4227287552
0.0322575983
0.2558088612
0.3063242956
0.2315065087
0.3677394329
0.1326850692
0.3481525027
0.0921562823
0.3696354793
0.5331938816
0.475347763
0.08900260684
0.1821324992
0.09092189578
0.1361263301
0.1597970009
0.5298064157
0.2851037847
0.2303312815
0.2219619733
0.1023620929
0.3804111597
0.4773259219
0.2072820693
0.6544157471
0.3947552582
0.2865024926
0.1350464823
0
0
0.4316518814
0.3761938351
0.2230532117
0.09336003563
0.2028431425
0.1797668836
0
0.07017767096
0.1926726707
0.1631849821
0.2606042598
0.1959490986
0.2003024898
0.1839142617
0.1026708592
0.1687649274
0.262541034
0.2930809491
0.1208809228
0.266352191
0.2786928294
0.02407142619
0
0.07397449447
0.1731677502
0.2829044016
0.3001835246
0.1267898079
0.2935161798
0
0.1014216831
0
0
0
0
0.2329015726
0.3442320645
0.2096369238
0.2067504807
0
0.1577121657
0.2922689193
0.323695719
0.3643240395
0.2050813559
0.2411555721
0
0.06721125865
0.1809063977
0
0.2751386626
0
0.06693473295
0.03845694028
0.1328767742
0.233573835
0.01276706804
0.0487659532
0
0
0.1446462725
0.1406153697
0
0.2015673076
0
0
0.2514119458
0
0
0
0.2480401891
0
0.2621948896
0.1940003619
0.1960384878
0.4423359736
0
0
0.2565580016
0
0.3164055485
0
0
0
0
0.2796544802
0.2651921382
0
0
0.2423482052
0.1978969853
0.2012055743
0.2512724108
0
0.338079082
0
0
0
0
0.08820156683
0
0.5071872177
0
0.318444197
0.3604934912
0
0
0
0.34365836
0.2119392589
0
0.03614568648
0
0
0
0
0
0
0.4148094405
0.2192623529
0.4600454923
0.3625184122
0.3086236742
0.2793798152
0
0.3506787185
0
0.4230776752
0.392249855
0.4637732633
0.4217570919
0.356700479
0
0.4607299481
0.288948045
0.3159522554
0.2480496199
0.12203388
0
0.1502440255
0.5131799596
0.1298601534
0
0
0
0
0
0
0
0.1871306108
0
0
0.2256248748
0
0
0
0
0.2213319573
0
0
0.310662792
0.2285186962
0.2150580373
0
0
0.3556958295
0.545178587
0
0
0.05366664906
0.03060822848
0.02936401365
0
0
0
0
0
0
0
0.3427425669
0
0
0.2257258516
0
0
0.1855702333
0.3821801634
0.03504106899
0
0.3563447087
0.08481992534
0.367848916
0.1845952038
0
0
0.08958250576
0
0.2098694867
0.6724447249
0.3901676621
0.3147742431
0.5696780085
0.2837336456
0.3271202693
0.03793096826
0.4399813412
0.3001331085
0.1439325954
0.1231438451
0.1182014298
0.1337953703
0
0.1230437691
0.1184084724
0.2079977982
0
0.04550984891
0.1621572571
0.03640965521
0.2332470072
0.1133123854
0.1678097263
0.1216292762
0.1411575102
0.07147792242
0.06158783835
0.05478736674
0.0939350996
0.05887894782
0.1096838295
0.1676067343
0.04957281536
0.1270252709
0
0
0.1626657298
0
0.2607539433
0.1979244436
0.1058903278
0
0.29744474
0
0.08758314443
0.03436774105
0.06424885649
0.0982750428
0
0.2527819327
0.04964216703
0.0218977099
0.05744955584
0.1077995386
0.01685351483
0.03029901942
0.05387104704
0
0
0
0
0
0
0
0
0
0.2431225057
0
0
0
0
0.01185100429
0.1227896469
0
0
0.1976499854
0
0
0
0
0
0
0
0
0.2170266406
0
0
0
0.21372209
0
0
0
0.2209289278
0
0
0
0.1053750997
0.04396242412
0
0
0.02015273905
0.01365721474
0
0
0
0
0
0
0
0
0
0
0
0
0
0
0
0
0
0.06362984746
0
0
0
0
0
0
0
0
0
0
0.04682579149
0
0
0
0
0
0
0
0
0.1329667881
0
0
0
0
0
0
0.1557637977
0
0
0
0
0
0
0
0
0
0
0
0
0
0
0
0
0.1365940749
0.07737341111
0
0
0
0
0
0
0
0
0
0
0
0
0
0
0
0.3235484468
0.3214946559
0.2052800914
0
0
0
0
0
0
0
0
0
0
0
0
0
0
0.2524876554
0
0
0
0.05010202619
0
0
0
0
0
0
0
0
0
0
0
0
0
0
0
0.2075356909
0.3075076688
0
0
0
0
0
0
0
0
0
0
0
0
0
0
0
0
0.2339017612
0
0
0
0
0
0
0
0
0
0
0
0
0
0
0
0
0.1645986084
0
0
0
0
0
0
0
0
0
0
0
0
0
0
0
0.269946275
0.4547168107
0.6964500336
0.2925274248
0
0
0.03365401249
0
0
0
0
0
0.7465830027
0.4703784976
0.3308498809
0.2354965663
0
0
0
0
0
0
0
0
0
0
0
0.2825129759
0
0
0
0
0
0
0
0
0
0
0
0
0
0
0
0
0.2831772765
0
0
0.1494118397
0.2399443888
0
0
0
0
0
0
0
0
0
0
0
0
0.3860450491
0.1218910719
0
0
0
0
0.1456276065
0
0
0
0
0
0
0
0
0
0.3069612894
0
0
0
0
0
0
0
0
0
0
0
0
0
0.133712026
0.1658860965
0
0
0
0.2620720786
0
0
0
0
0
0.1562123251
0
0
0
0
0
0.4261305439
0.2974916864
0.4244613825
0.1101969538
0.02920276352
0
0.05554842224
0
0
0
0
0
0
0
0
0
0
0
0
0
0
0
0
0
0
0
0
0
0
0
0
0.2790062835
0
0
0
0
0
0
0
0
0
0.1558772993
0.05872976575
0
0
0
0
0
0
0
0
0
0
0
0
0.3493020309
0.1781808674
0.1061576144
0.07443702043
0.06916510428
0.08022731369
0
0
0
0.01841727499
0
0.06879475044
0
0
0
0
0
0
0
0
0
0
0
0
0
0.2232301805
0
0
0
0.2520388032
0
0
0
0
0
0
0
0
0
0.06655264197
0
0
0
0.2471743034
0
0
0
0
0
0
0
0
0.375743261
0.421574721
0
0.01424536727
0
0.03891051989
0.03877452969
0
0
0
0
0
0
0.4299054689
0.09316442674
0.1406951439
0.2366385007
0.04104312156
0.02293555314
0.03534470238
0
0
0
0
0
0
0
0
0
0
0
0
0
0
0
0
0
0
0
0
0.02279286581
0
0.08965386967
0
0
0
0
0
0
0
0.5820049826
0.4905216142
0
0
0.02572660022
0
0
0
0
0
0
0
0.8174770344
0.1911891996
0.1208617196
0
0
0.04568932706
0
0
0.0981817169
0
0
0
0
0
0
0
0
0
0
0
0
0
0
0
0
0.3361217536
0
0
0
0
0
0
0
0
0
0
0
0
0.1303411412
0.3749800705
0.01522422956
0
0
0
0
0.1008313398
0
0.03568454892
0
0
0.1672698202
0.07864627171
0.158470582
0.1216221282
0
0.05846260522
0.05394266365
0.03012340039
0.09340986558
0.2259936292
0
0.0584466478
0.03064599077
0.08420647171
0.04836931669
0
0
0.05501023595
0.1170556767
0
0
0.04188071327
0
0.123709728
0
0
0
0
0
0
0
0
0
0.06846546913
0
0
0
0
0
0
0.4765342321
0.4223098181
0
0
0
0
0
0
0.2338481003
0.2342304292
0.07294966332
0.01233132412
0
0
0
0.03064708905
0
0.637547256
0.1652384161
0.05730306316
0.1103943269
0.1194734164
0.09919882674
0
0.01951600119
0.08319123643
0.05563546334
0.01385312335
0.03851518665
0.06516264137
0.09864738809
0.06726124025
0
0.08416540385
0.0407476434
0.1372369941
0
0
0
0.02293365441
0
0.05975355943
0
0
0
0
0.01743820047
0
0
0
0
0
0
0
0
0
0
0
0
0
0.1870056147
0.07688311145
0
0
0
0
0
0.2731225476
0.2833100235
0.1930981878
0.03923723932
0.1507500818
0.05868082978
0.1264771809
0.1922475175
0.06829936526
0.1646749207
0.1006058617
0.07330911336
0
0.08894036128
0.005355917194
0
0
0
0
0
0
0
0
0.2666995483
0.187170537
0.1822812336
0
0.1558777172
0.09798059744
0.09770023461
0.04599168933
0.08505735682
0
0.02926392758
0
0.09061021766
0.04416887281
0.02463645308
0
0.06675785315
0
0.07796423089
0.06295372442
0.05103857427
0.07214991267
0
0
0.04808817874
0.06577065067
0
0
0.03077875719
0.04243406694
0.07229899787
0.05714197576
0.213489184
0.08061566595
0.1574962224
0.08055040223
0
0
0
0.416043574
0.4584393373
0.1220116742
0.2051839579
0.06178801141
0.06548617845
0.1468687982
0.08840139834
0
0
0
0.3783612783
0.1455920461
0.1671267289
0.1453717299
0.1211135733
0.1380228896
0.1269746406
0.05957872846
0
0
0
0.1820129926
0.08641731891
0.05321140401
0.1184905218
0.228684122
0.3701717363
0.08210169884
0
0.08944889753
0.1088016111
0.07649589538
0.3323122008
0
0
0
0
0
0
0.2535726454
0.1410351026
0.2151215907
0.0592787188
0.1171167936
0.05679590584
0.1092196432
0.09493764451
0.04284937026
0.1278926119
0.1587028852
0
0
0.2236111782
0.06844213608
0.1356717479
0.03472129118
0.2079435348
0.07321836744
0
0.02335685091
0
0
0.0489528663
0
0
0.0163814834
0
0.3048816416
0
0.1573904637
0.02078172728
0.08837917349
0
0.09100294392
0.2287014181
0.2301366039
0.2055570807
0.1701545965
0.05556382093
0.09424465877
0
0.05723009477
0
0.09872817874
0.05648635961
0
0
0.09656839314
0.04954855147
0
0.02557436716
0.05274299201
0.1399907027
0.2336250598
0.2001952423
0.072232587
0.3086392976
0.1651345151
0.1310036232
0.1302032491
0.04050656985
0.4248809548
0.253502827
0.1953847992
0.1874187115
0
0
0
0
0.1317872896
0.02136391033
0.08089824096
0.06873156609
0.1379799492
0.1796808765
0.08060285695
0.1575042992
0.1689038726
0.1202778417
0.0873510533
0.1659361666
0
0
0
0.2625613685
0.07225526191
0.2336644
0.1710429145
0.1696637217
0.1519294815
0.1602590471
0.246491059
0.1433198561
0.09683709431
0.2015307099
0.1191645395
0.2212980109
0
0
0.2070556277
0.192680854
0.07907965391
0.2244959132
0
0.09821842643
0.04623996259
0.06712182868
0
0.1314152823
0.1195323593
0.237601342
0.2366175501
0.1379401357
0.09575818451
0.04340338196
0.151491952
0
0
0.1270332811
0
0.04343719577
0.04615805038
0
0
0
0
0
0
0
0
0
0
0.07758716746
0.08584284015
0.3683378212
0.118445569
0
0.09959860419
0.06314027928
0
0
0
0
0.1540364099
0.06239536634
0.4337402739
0.2160830263
0.2154724644
0.1040870105
0
0.1249756643
0.2975316076
0.1338744658
0.1434134744
0
0
0.1010017661
0.1320323482
0.1171696672
0.1098619316
0.06703438779
0.1296911024
0.1324478807
0.1295250497
0.01265198857
0.07708621723
0.03012611335
0.09198360153
0.05768265746
0.1019435303
0.09610536215
0.1988249595
0
0
0
0
0.08536706666
0.05329793915
0.145182333
0.07363878741
0.07121172458
0.2442140265
0
0.3454002145
0.1327086579
0.1305595041
0.04064640052
0.474753575
0
0
0
0
0
0
0.04375565591
0.2435798766
0
0.1890213549
0
0.1357275288
0
0
0.04830889725
0.08014240628
0.1383588062
0.02092567615
0.1179868846
0
0.1075255884
0
0
0.09522102469
0.2354997761
0
0
0
0
)
;
    }
    spline
    {
        type            calculated;
        value           uniform 0;
    }
}


// ************************************************************************* //
