/*--------------------------------*- C++ -*----------------------------------*\
| =========                 |                                                 |
| \\      /  F ield         | OpenFOAM: The Open Source CFD Toolbox           |
|  \\    /   O peration     | Version:  v1706                                 |
|   \\  /    A nd           | Web:      www.OpenFOAM.com                      |
|    \\/     M anipulation  |                                                 |
\*---------------------------------------------------------------------------*/
FoamFile
{
    version     2.0;
    format      ascii;
    class       volScalarField;
    location    "0.4543";
    object      surfaceShearStress_N2;
}
// * * * * * * * * * * * * * * * * * * * * * * * * * * * * * * * * * * * * * //

dimensions      [1 -1 -2 0 0 0 0];


internalField   uniform 0;

boundaryField
{
    symmetry
    {
        type            symmetry;
    }
    inlet
    {
        type            calculated;
        value           uniform 0;
    }
    orion
    {
        type            calculated;
        value           nonuniform List<scalar> 
1990
(
0.8149447022
0.009545551427
0.7462889387
0.116895623
0.1582082134
0.1579797815
0.4256753918
0
0.6910415789
0
0.3950970217
0.3990022966
0
0.5210670439
0.5861313297
0.01827436861
0.2521052345
0.07318444751
0.8930544744
0.00616517542
0
0.6308766754
0
0.473406373
0
0.5670100299
0
0.6399487753
0.524691548
0.1906014836
0.6267967358
0.7756595671
0.7406047794
0
0.6507546562
0
0.6067092485
0
0.7368152711
0.6085688866
0
0.6473228895
0.02374303503
0.5313398
0
0.8160660175
0
0.9920007721
0
0.6354822874
0
0.7469538764
0.8003540761
0
0
1.076508715
0
0.8951362761
0
0.5708103348
0.9036858445
0.3601846129
0.02373321462
0
0
0
0.6362015759
0
0.7735361894
0
0.8054737082
0.1977195111
0.727564054
0
0.07378182894
0
0
0.6603765152
0.916561594
0
0.9113747122
0.9850832443
0.7782557163
0
0.9891084511
0.01758708495
0.6286555008
0.07570833197
0
0.8533107624
0
0.9280823354
1.549557937
0
0
0.7487851908
0
0.8685036435
0.0516602615
0.476640706
0
0.7861203713
0.789497648
0.8754062008
0.8408151434
0
0.653896182
0
0
0.7125641383
0
0
0.8174349543
0
0.02419163654
0.4722385994
0
0.9101998015
0
0.5183728349
0
0.8361036601
0
0
0.7737520795
0
0.01842818339
0
0.81417409
0
0
0.5466842632
0.01380505772
0
0
0
1.287369992
0
0.7316605264
0
0
0
0.9044402966
0
0.04242631752
1.057117045
0
0.9221251419
0.8556875524
0.6987302579
0
0.9338365536
0
0
1.116336577
0
0.931559271
0
1.337188637
0.03328465367
0.7981428844
0.05308911349
0.1718551463
0
0.7279112274
0
0.7595617094
0
0.7980330299
0
1.213279599
0
0
1.310263801
0.1153151191
0.06659387806
0.9112929055
0
0.7704468059
0.9049470705
0.4660328883
0
1.091456089
0
0
0.6467005988
0.06160719724
0.1090764349
0.06473640446
0.07724547487
0
0
0
0.9236405837
0
1.337346803
0
0.8747593113
0.3146847903
0.1067531835
0.2402287492
0.2706953111
0.1665697465
0.1283430129
0.04630417602
0.1342598305
0
0
0
1.291102749
0
0
0.7647128448
0.7441138662
0.3623136138
0.02260559756
0.3705483126
0.4498098519
0.3932467334
0.15789422
0.0299646048
0.1147680655
0.1175309356
0.6678620095
0.4359732491
0
0.4211312623
0.9578591788
0
0.7529777485
0.8390814169
0.2918292416
0
0.9416141137
0.3544458561
0.6218725854
0
0.5519554893
0.2648096096
0.5113346157
0
0.394522676
0.2757007929
0.04411761247
0.209919782
0.2666686106
0.3683380099
0
0.4415694147
0.2831893174
0.5051610477
0
0.4181831416
0.4796756789
0.1862735907
0
0.5454668958
0.08236971859
0.247398417
0
0.2571297568
0.6197309015
0.4635131623
0
0.5079386881
0.4843841232
0
0.2061264697
0.1367328109
0.1220834557
0
0.7129528892
0.5314315324
0.5885292262
0.3431146591
0.4965774952
0.2083382724
0.05236552776
0
0.0380937386
0.5392307189
0.6382169833
0.5937077498
0.3793652042
0.4197212685
0.4681376128
0.1681374341
0
0
0.5612002774
0.6434129378
0.3252104163
0.2966405098
0.4036115411
0.9292558055
0.4755134395
0.3297158574
0.2820279605
0
0.7289170619
0.1819932081
0.0347445854
0.5775205342
0.5674424775
0.4888928911
0.9195512717
0.6551246785
0.7256083059
0.4953559324
0.3844495139
0.4039518082
0.435701117
0.4228638387
0.5790568201
0.8189559027
0.585292495
1.043886057
0.2768118012
0.4768683322
0
0.6182783095
0.6112182816
0.7124812646
0.7814111656
0.3615888451
0.7289258453
0.4250524523
0.601253447
0.5618886534
0.7116441215
0.0308575091
0.7264640879
0.5176490958
0.4977437763
0.6326681229
0.3006368461
0.0957762946
0.2287144949
0.00702623822
0.9190453087
0.5542437418
0.5596361507
0.2611072192
0.6178069851
0.8008128161
0.5304429889
0.8530060603
0.6593647669
0.8100675631
0.5036285444
0.5948587655
0.7251047385
0.4246839802
0
0.4049777076
0.5448024252
0.4898070294
0.5854840894
0.7349039623
0.5841413611
0.6690453068
0.7331638393
0.5922413573
0.6906629142
0.4708749516
0.563179303
0.5539704354
0.5417953451
0.7247210604
0.8938274399
0.9662937511
0.5332975455
0.51233977
0.5210865354
0.6430585923
0.3000649954
0.5693797657
0.6833694477
0.5355775786
0.9109378658
0.3660917333
0.4449199683
0.1281841347
0.6866536344
0.5940472754
0.8679303415
0.7236921874
0.6647570609
0.4875805967
0.7392937702
0.6275668139
0.7771673732
0.6615712497
0.6692116035
0.02685053387
0.468478137
0.6823561578
0.7404969951
0.6154698473
0.6565350601
0.7795738459
0.490917244
1.042506055
0.6294690418
0.5626193846
0.5217580615
0.2824692005
0.7453963891
0.3396466654
0.7431593249
0.7904024034
0.7943554499
0.4225929112
0.8293374167
0.904436412
0.6051011865
0.4278894211
0.592992264
0.9341889625
0.415931673
0.7660482047
0.08133004524
0.09903409209
0.8221162745
0.5963824655
0.9732192073
0
0
0.3868677308
0.7011573826
0.7254591032
0.9098157593
0.8253026699
0.7549460817
1.002300129
0.8238985822
1.083158107
0.6411007558
0.5509778058
0.6671597545
0.8685011017
0.6257634031
0.9097204107
0.7433502682
0.5741434097
1.000077285
0.6491446035
0.6390681026
0.9943959109
0.3510454603
0.537923206
0.5849733741
0.7632574779
0.4081288932
0.7092510304
0.74056162
0.07607707536
0.5720665056
0.9129889055
0.6183339614
0.5715548052
0.7062675635
0
0.5410877254
0.4486639762
0.7941164636
0.8792288551
0.8850913045
0.8936177751
0.8606544153
0.7379021354
0.8979198719
0.7669040681
1.047864413
0.7467964652
0.777525421
0.6959386779
1.018754917
1.064635914
0.8887836581
0.4378806895
0.6767534059
0.5794507225
0.8535837002
0.8612321629
0.6152515998
0.6959353166
0.9626103466
0.9231111045
0.8285910941
0.8096915611
0.75395771
0.6960706386
0.5532125481
0.2171899414
0.8576095413
0.9340339332
0
0.7302981287
0.748008548
0.885011511
0.7894349231
0.5727778801
0.9811371419
0.8632014969
0.7612094321
1.003422786
0.9476002548
0.8388705158
0.7712542648
0.7619836499
1.569983506
0.6532811124
0.6923396934
0.5287536611
0.7702389639
0.9155981058
1.03386149
0.618012379
0.5321492571
0.5420175409
0.6394713084
0.6336818974
0.8015760416
0.9076111336
0.3004303836
0.8393628876
0.989994025
0.5122077625
1.130778658
0.5832693324
0.9065117338
0.8239073853
0.7974558357
1.094007955
0
0.8312879996
0.9478073709
1.056017744
0.6699276897
1.054304455
0.9511601607
1.101854903
1.075460467
1.023226167
0.6464435288
0.7808416548
1.243591586
0.7820213517
0.91661685
0.5493770655
0.9732968383
1.060927416
0.8675835808
0.8282087427
0.620778718
0.979079524
0.9454797466
0.7722511582
0.908276108
0.7965093273
1.371122869
1.06861411
0.6317425775
1.399543999
0.4787152616
0.8389083184
0.579934708
0.6906826723
0.8726280636
0.6009634217
0.6704771898
0.6462107197
0.7363608124
0.871738074
0.8009900577
0.9511243014
0.8514932095
1.155826484
0.8821328408
0.9893949608
1.135751501
0.9410056855
0.9160351116
0.766386504
0.9199042918
1.087335752
0.5145750523
0.7762663015
0.9196204024
0.8644808346
0.6233614167
0.8712817727
0.9517404234
0.6362495206
0.7275878924
0.6334486743
0
1.166226759
0.6482684963
0.976897196
1.223474316
0.8291455525
0.6686047539
1.042000232
1.358006869
0.7053698523
0.8843865078
0.8648853287
0.3620877151
1.545932356
1.10692167
0.8929824213
1.059604286
0.7941503976
1.600775302
1.233869768
0.5638897201
0.7955984144
0.9996186005
0.8255372454
0.7289552859
0
1.336405259
0.7485602894
0.9482304073
0.662712371
0.5238446292
0.7783788346
0.9531950784
1.08710458
0.7432204674
0.7956290152
1.107238711
0.8214454453
1.015154193
1.189877392
1.01229259
0.6712750621
0.8075086219
0.8716577581
0.8273545515
0.9753315681
1.049125106
1.703123577
0.7402859734
0.7777659257
0.7270440265
0.7667201981
0
0.7582351303
0.7686032285
0.7603123646
0.647653546
1.380286109
0.4776345196
0.8412059666
0.9129821923
0.8926808818
0.6418936205
1.276218874
0.8489919937
0.581187065
0.7589981476
0.6353009536
1.273168955
0.4408706102
1.003548301
0.9913483309
0.82507661
0.8476328688
1.709766264
0.7018867794
0.8954850568
0.8139186384
0.8461483799
1.290474936
0.8472516622
0.8901007804
0.565423578
1.185864679
0.6030430868
0.4898418212
0.6666416861
0.7220256486
1.087573876
0.7597191136
0.5715588005
0.6806238849
0.9023708552
0.6848867746
1.33656912
1.007876469
1.074733989
1.450679635
0.832816263
1.520886708
0.9918113246
0.7522466905
1.279272772
1.643074038
1.236416807
1.19860549
0.5221431177
0.7397830505
0.6711541565
0
0.5305657408
0.7674596786
0.8953317757
0.4362870432
0.6871676778
0.4612756236
0.6769627509
0.4481858397
0.7571296151
0.911905009
0.8191450218
0.7096937948
0.7914583826
0.5636666136
0.8289474517
0.9266571678
1.015585801
1.210567048
0.972057321
0.9891576181
1.047587887
0.5326213341
0.7558561262
0.5958980841
0.3005952931
0.7580047298
0.4297163195
0
0
0.3051920265
0.6053645728
0.506128583
0.5852899075
0.5760282182
0.8130138464
0.8329370951
0.3055475881
0.7212835505
0.9292957085
1.163686667
0.6652858299
1.598080039
1.426172072
0.5307820994
0.4850567152
0.3484470811
0.3178963802
0.1916785621
0.8855068717
0.5562926568
1.186543108
0.4035127178
0.9353258176
0.5681891757
1.316220148
1.21565082
1.593166697
1.357003843
1.381605635
1.039124757
0.4115358411
0.03263580726
1.328691476
1.187772302
0.9412213716
0.9173148377
0.7079784602
0.8852757553
0.5676870319
0.3641594233
0.3851067447
0.2128985986
0.4501437965
0.474516174
0.4784119621
0.3013159004
0.3670737599
0.3608849916
0.580243727
0.8749743785
0.4112436717
0.4300308833
0.3713597554
0
0.05131629838
0.1451819278
0.5902484075
0.7956177998
0.6148287841
0.6971832176
0.5145524258
0
1.080716056
0.02649745138
0.009431961342
0
0
0.7130204774
0.6532305199
0.9355444289
0.9409822784
0
0.610766619
0.6962557983
0.8269794152
0.7060503807
0.3933188482
0.615343172
0
0.3868406021
1.06418989
0
0.71671088
0
0.592971905
0
0.3228836181
0.8113748822
0.2709194173
0
0.02111009417
0
0.455350916
0.6740798587
0
0.6561245692
0
0
0.4460634389
0
0
0
0.8568125452
0
0.5855592796
0.8668018192
1.091570677
0.9447953056
0
0
0.7328544329
0
1.042770788
0
0
0
0
0.7502863914
1.13170523
0
0
0.7777165556
0.8607273005
0.7478379151
1.023860813
0
0.8734461336
0
0
0
0
0.6360112234
0
1.107564098
0
0.7201152938
0.5513959848
0
0
0
0.8830907298
0.8439030026
0
0
0
0.1874181171
0.03698416752
0
0
0
0.7556913199
0.8218703212
0.9571790611
0.5774857677
1.097904431
0.1630066486
0
0.7997386613
0
0.9046876651
1.052767698
1.467353779
1.237055138
1.019233858
0
0.9616355884
0.6528557875
0.7091362174
0.6071760115
0.6499095284
0
0.9289634613
0.8487957572
0.818499348
0.04682904878
0.1221822571
0
0
0
0
0
0.7570235592
0.04442660588
0
1.036623749
0
0
0.01384843318
0.04863959778
0.8698819903
0
0
0.551931615
0.6247359034
0.9117805418
0.002097275813
0
0.9816815149
0.9516892039
0.1036377547
0
0.1066796268
0.1653980635
0.1154048055
0
0
0
0
0
0
0
1.068734499
0
0
0.7133330714
0
0.04750700695
0.560047637
0.2782847399
0.2309040172
0.2491598391
0.5317435416
0.9633278757
0.7514561112
0.5291130253
0
0
0.1032430127
0.08007653479
0
1.023411869
1.238169004
0.988738873
1.140198186
1.147479093
1.043010579
0.5931456399
0.6933640009
0.7653401704
0.4685351934
0.4473552396
0.4828705847
0.3108866878
0.2902618785
0.4144672716
0.1885805914
0.05981554066
0.1115308494
0
0.8381899495
0.2771888185
0.6269118513
0.5595677289
0.9751648365
0.4916749072
0.3282419831
0.2809128571
0.4536508733
0.2978311995
0.5367554588
0.3095762973
0.2541348355
0.5858739751
0.1962860526
0.06101149491
0.2101413117
0
0
0.04296745617
0.1951700123
0.4514502554
0.4020026848
0.264160397
0.6132945588
0.1661697006
0.1472843055
0.09184235567
0.1170137323
0.09646315423
0.1835633411
0.1600258797
0.06500010366
0.1573734039
0.4157239693
0.4079545249
0.02655727404
0
0.1353321987
0
0
0
0
0
0
0
0
0
0.7680008295
0
0
0
0
0.5112236311
0.07035470268
0.02506229133
0.01004926163
0.4433014251
0
0
0
0
0
0
0
0
0.4251869204
0
0
0
0.4832466477
0
0
0
0.6086928442
0
0
0
0.5197050796
0.08396242275
0
0
0
0.1570968508
0
0.04877404693
0
0
0.01024642332
0
0
0
0
0
0
0
0
0
0
0
0
0.5647707694
0
0
0
0
0.0183901013
0
0
0
0
0
0.2585983719
0
0
0
0
0
0
0
0
0.5944668883
0
0
0
0
0
0
0.5605957046
0
0
0
0
0
0
0
0
0
0
0
0
0
0
0
0
0.3057584424
0.05909592693
0
0.05197952698
0
0
0
0
0
0
0
0
0
0
0
0
0
0.7410813992
0.6365722381
0.6103256412
0
0
0
0
0
0
0.02268470643
0
0
0
0
0
0
0
0.8991336075
0
0
0.1647534821
0.1584924353
0
0
0
0
0
0
0
0
0
0
0
0
0
0
0
0.9074032945
0.9467912076
0
0
0
0
0
0
0
0
0
0
0
0.03485404007
0
0
0
0
0.2463898558
0.3161451831
0.4711892167
0.1264837129
0
0.02995151673
0.1138098946
0
0
0
0
0
0
0
0
0
0
0.9750398799
0
0.03710226901
0
0
0
0
0
0
0
0
0.006481061523
0
0
0
0
0.6063995902
0.9685257759
0.6822181555
1.09323426
0
0
0
0
0
0
0
0
0.8686252142
0.9093425039
0.317278659
0.7022882353
0.2290641508
0
0.08176563995
0.02074661504
0
0.01213291142
0
0.01573711324
0
0
0
0.8611087521
0
0
0
0
0
0
0
0
0
0
0
0
0
0
0
0
0.6265443599
0
0
0.8527844298
0.9437407274
0
0
0
0
0
0
0
0
0
0
0
0
0.2248191481
0.5666808583
0.0673936027
0
0.02342050341
0
0.2995030245
0
0
0
0
0
0
0
0
0
0.7519921338
0
0
0
0
0
0
0
0
0
0
0
0
0
0.6912182861
0.958308131
0
0
0
0.892425077
0
0
0.0402422169
0.05025507029
0
0.9092458966
0
0
0
0.06522043771
0.1724869077
1.273862668
0.4032245755
0.6424074473
0.4651146671
0.1962535918
0.2603084189
0.06442127673
0.006920192617
0
0.0352076831
0
0
0.0585359315
0
0
0
0
0
0
0
0
0
0
0
0
0
0
0
0
0
0
0.6429897963
0
0
0
0
0
0
0
0.07625841726
0
1.288493994
0
0
0
0
0
0
0.01117342493
0
0
0
0
0
0
1.638471143
0.7802954197
0.775401791
0.1727485589
0.08617421798
0.2468094579
0.05483635999
0
0.06637170384
0.09433429234
0.05163678494
0
0.01895734732
0.03656484382
0
0
0
0
0
0
0
0
0
0
0
0.9370887644
0
0
0
0.8112193452
0
0.02311726019
0
0
0.03457074444
0
0
0
0
0
0.03927015059
0
0.0464999587
1.106134946
0.04064781474
0.00987003602
0
0.1018956281
0.02363851436
0
0
0
1.061838446
0.674855485
0
0.03876095089
0.03422572428
0.04886403414
0.04832241067
0.05545746037
0.04565710242
0
0
0.1187018819
0.03916312654
1.035198337
1.283439826
0.135869058
0.2232303461
0.1147386759
0.1255870959
0.05296647523
0
0
0
0
0
0
0
0
0
0
0
0
0
0
0
0
0
0
0.04800527314
0
0
0
0
0
0
0
0.02218463392
0
0
0
1.2407268
1.125412109
0.09716333343
0.1000018862
0.07669417546
0.1170489699
0.04978166899
0
0.04646840012
0.06655902
0.1841222534
0.107225896
1.140858715
0.3183833034
0.03076636509
0.06090760137
0.09623963809
0.02147374003
0.07302844549
0.1452273592
0.06240094213
0
0
0
0
0
0
0
0
0
0
0
0
0
0
0
0
0.759797557
0
0
0
0
0
0
0
0
0
0
0
0
1.326372346
1.977055202
0.0376329876
0.05673345852
0.114458242
0.1209171921
0.09959078705
0.04686353917
0
0.02791757955
0
0.8892988026
0.3375687098
0.1638723639
0.09514027023
0.257557502
0.1002261462
0.1004759198
0.1011203915
0.03972079585
0.2323539735
0.04943824382
0.1906294992
0.04747045873
0.06232486679
0.0900815596
0.04525226396
0.09105497802
0.1883540724
0.02847886624
0.07708705448
0
0.06872101931
0.5527127078
0.1497245076
0.1620254605
0
0
0
0
0
0
0
0
0
0.952222827
0
0
0
0
0
0
1.61773288
0.6167337233
0.07614282841
0
0
0.03708741921
0
0
1.568229669
0.97044667
0.2537238178
0
0.2414697982
0.04427267873
0
0.08255098163
0.1190225888
1.246630156
0.9896686195
0.6987201716
0.4261245819
0.2303622968
0.2009602355
0.3070590321
0.1520501129
0.3118801399
0.1734301119
0
0.1189282401
0.09159196942
0.1803777918
0.05947929823
0.1360383855
0.1433986233
0.02976562643
0.265990273
0.06997585299
0.01024064251
0
0.07882731733
0.118227925
0
0.09375815115
0.2210808314
0.2664646682
0
0
0
0
0
0
0.1147619859
0
0
0
0
0
0
0
0
1.27743539
0.271170031
0
0
0
0
0
1.056423907
0.656144285
0.2668793
0.1643914942
0.3947375645
0.1617124522
0.2425646641
0.4626954746
0.2527682227
0.1387098226
0.1348698784
0.1203903499
0.054288607
0.07948350589
0.06822884743
0.06082023061
0
0
0.1232504983
0.04002866092
0.06219092103
0
0
0.8462470328
0.24996922
0.2867191385
0.1186816645
0.1729777911
0.1883404618
0.3443842939
0.1593618084
0.1576840824
0.1979082232
0.1110810131
0.2285762508
0.2612840589
0.2319667925
0.2268660045
0.1577948418
0.04448446872
0.0541989493
0.2783443755
0.2021321166
0.2597703908
0.2370430505
0.07242737091
0.1753966623
0.05883304424
0.04386757225
0.1596160221
0
0.03413963738
1.077618636
0.4891316338
0.6697872851
0.3442330502
0.6708457861
0.2452381893
0.2911148309
0
0
0
1.267772086
0.5401183538
0.5560413921
0.6164190344
0.534982588
0.5305897897
0.912114862
0.6445189166
0
0
0
0.5300911633
0.5118569442
0.5985921196
0.4075120692
0.8201315344
0.2921340483
0.5420292902
0.2141582007
0
0.02156279617
0
0.3832864714
1.758348087
0.5291538436
0.6942339052
0.3266575193
0.5286786283
0.8779070971
0.4647266422
0.5794762888
0.3131606001
0.5913213844
0.399412973
0
0
0
0
0.05420141813
0.8248505794
0.2752313402
0.3797480995
0.421094077
0.6926428679
0.3007677754
0.4619891787
0.3858617091
0.3512495794
0.4998189333
0.02707414112
0.4046882937
0.3129547185
0.3059973331
0.2642168284
0.1525047565
0.2523566021
0.1189802366
0.1326538147
0.04588868222
0.04803818126
0.06821594709
0.08579106386
0.03716831981
0.031694184
0.05524316866
0
0.02995121837
0.04730398552
0.2671342691
0.3978703134
0.2482778469
0.4185636455
0.1799711888
0.2893264327
0.1260278499
0.2302624435
0.2280425457
0.0675128107
0.1635920985
0.176835725
0.2442541467
0.1820149427
0.3336253772
0.1505245317
0.1814488025
0.1541267593
0.2896258968
0.2496119646
0.08573793129
0.2210041493
0.1076563931
0.1014514547
0.04233893776
0.490477624
0.187924402
0.8253123684
0.2505965997
0.3863601066
0.2967782226
0.2630398362
0.7248495593
0.2332659653
0.799207145
0.6346504711
0.7174548941
0.5591094843
0
0
0
0
0.5558970362
0.1379162558
0.3163673472
0.184762164
0.3447649187
0.2637243123
0.4096958997
0.4088306176
0.5673925903
0.3829276141
0.520278678
0.4992239588
0
0
0
0.7768854239
0.5562766744
0.4238196241
0.6261506363
0.6133928776
0.2116834493
0.3394710835
0.3150611082
0.2926064186
0.7071587569
0.1767751037
0.2422872587
0.4438975403
0
0
0.3069835484
0.3215293563
0.5258276453
0.329324478
0.5227549472
0.1556976957
0.4807802217
0.3350485236
0.4719573315
0.1739370616
0.3567878015
0.2696368869
0.3890473286
0.2537034301
0.2184962417
0.405885118
0.2644584116
0.329027631
0.2006120175
0.2299865795
0.06188851592
0.1300794112
0.04423808118
0.2038034481
0.1714922416
0.1442310612
0.07713612375
0
0
0
0
0.1149058867
0
0.5048679044
0.206924215
0.2475397298
0.1644092965
0
0.1108988716
0.2213893788
0.09192331862
0.1330060406
0.04640373462
0.07059091976
0.3223203956
0.6847108933
0.4018063303
0.2858125779
0.3559981716
0.5121288778
0.4719708414
0.2577247453
0.3612405919
0.404876479
0.3942715673
0
0
0.1657242895
0.3463714773
0.3866772128
0.241432426
0.4214072201
0.5607233302
0.3817866192
0.6851631274
0.2005021368
0.4892010411
0.1829624836
0.2724276042
0.3995073954
0.5026028966
0.3831598216
0.195529425
0
0
0
0
0.6089912234
0.426338468
0.1566145294
0.3958658496
0.1160710344
0.07669653791
0.2852146893
0.3280803313
0.349876037
0.1900762026
0.2334125601
0
0.2025218111
0.3030365638
0
0
0
0
0.3734545909
0.2592067185
0.1667331695
0.3226649284
0.07219170931
0
0
0.5664913607
0.3997816301
0.252497166
0.4665884626
0.3857165862
0.2513790072
0
0.04289980159
0
0
0.1973521831
0.3937716917
0
0.2065989339
0
0.04253899752
)
;
    }
    spline
    {
        type            calculated;
        value           uniform 0;
    }
}


// ************************************************************************* //
