/*--------------------------------*- C++ -*----------------------------------*\
| =========                 |                                                 |
| \\      /  F ield         | OpenFOAM: The Open Source CFD Toolbox           |
|  \\    /   O peration     | Version:  v1706                                 |
|   \\  /    A nd           | Web:      www.OpenFOAM.com                      |
|    \\/     M anipulation  |                                                 |
\*---------------------------------------------------------------------------*/
FoamFile
{
    version     2.0;
    format      ascii;
    class       volScalarField;
    location    "0.4543";
    object      surfaceHeatTransfer_mixture;
}
// * * * * * * * * * * * * * * * * * * * * * * * * * * * * * * * * * * * * * //

dimensions      [1 0 -3 0 0 0 0];


internalField   uniform 0;

boundaryField
{
    symmetry
    {
        type            symmetry;
    }
    inlet
    {
        type            calculated;
        value           uniform 0;
    }
    orion
    {
        type            calculated;
        value           nonuniform List<scalar> 
1990
(
2921.742403
124.714511
3188.73841
224.4471743
674.5660019
468.6726523
1399.431753
0
3109.452794
0
1564.690195
1963.216028
0
2150.003316
2427.425864
22.92619876
1980.004787
176.5408928
3769.003871
24.67361775
0
2795.516928
0
2701.949479
0
2425.220012
0
2717.619063
1949.998955
751.3433766
3064.323168
4189.760423
3900.577393
0
3453.010207
0
2893.638608
0
3758.977808
3159.208015
0
3016.641738
48.71203233
3338.44487
0
3784.97097
0
4538.543049
0
3963.609372
0
3758.464577
3551.433996
0
0
6214.757149
0
4947.494716
0
4408.74333
3065.318246
1759.030363
82.4547021
0
0
0
4155.814149
0
4794.706753
0
4031.599972
2654.601158
4193.34268
0
156.8989088
0
0
5009.027874
4985.799219
0
5263.994383
4233.686753
4036.037647
0
5783.039659
86.58998228
2626.429817
173.7780933
0
6055.578861
0
6197.418825
6786.370743
0
0
4653.348514
0
6251.17257
91.6107914
3517.044474
0
5731.84975
5951.568107
6053.616098
5741.740869
0
6828.239618
0
0
5671.803883
0
0
5502.368935
0
45.64931027
3649.266643
0
7075.820149
0
7382.780873
0
7017.424199
0
0
6895.3717
0
2.914730456
0
6426.553518
0
54.41039729
1888.532253
8.101066068
0
0
0
8634.12255
0
4981.701235
0
0
0
6913.712708
0
178.3480318
6080.972301
0
10170.97417
8440.59268
7143.52629
0
6997.411874
0
0
8132.147029
0
7600.241856
0
9672.116571
276.4412825
3297.859285
343.1133097
457.0437091
0
9627.626287
0
8488.595553
0
6975.116792
0
8547.020706
0
0
5656.023926
472.9655225
123.388575
10025.94677
0
8619.680846
9682.434791
9349.327187
0
8261.848945
44.86784363
0
5480.103741
134.99157
268.1674794
248.3367051
129.4514759
0
0
0
11260.86165
0
7821.016294
0
3658.074454
1168.874289
662.116616
806.1878241
923.357257
524.2534832
835.0766855
137.1639582
199.8835906
0
0
0
7320.908453
0
0
3129.71455
2438.156824
1255.598457
46.76286365
1043.418274
1602.533522
1419.442641
556.8065175
53.59195834
311.2228042
621.6198375
3239.524295
1190.464707
0
1965.712602
3367.440037
0
1931.53782
3860.26442
1025.528306
0
3077.346078
1405.419108
1814.678421
0
1918.224057
1206.620672
1624.827738
0
1163.62537
768.3823796
481.9018738
576.263658
1215.683505
1469.034823
0
1919.879742
1489.353657
2190.361299
0
1577.588033
2056.080594
769.4318574
0
1755.624005
447.4234011
1069.385321
0
1336.035954
2046.013093
1805.55536
0
1654.670536
1587.253125
0
808.2744551
442.5002786
399.8927811
0
3243.208019
2075.620945
2417.467471
649.2545092
2821.528249
1236.677904
99.28933613
0
46.75388654
2150.934879
2495.589624
2334.667508
1307.640823
1558.601777
1187.305704
381.5903027
0
0
2188.797418
2925.040094
1043.293994
1190.021064
1535.838343
3307.66922
1839.968378
603.2023887
1062.280689
0
3501.06164
474.2128701
103.6631057
2049.558663
2098.613027
2898.492226
3696.373673
2369.278137
3281.990689
3048.509434
1418.760443
2136.189609
2226.011631
2269.367276
3102.056573
3897.970025
3137.538325
4280.891135
1074.793094
1997.899831
0
2851.820945
2943.974342
3211.638919
3145.734503
2041.837343
2808.507123
2667.534901
2525.329228
2085.824068
2055.92596
54.77873435
3057.267603
3072.712573
1854.462896
2955.165787
553.0471856
230.2984508
245.0495729
4.001513555
3340.174971
2040.548603
1430.507891
481.8995747
3775.231606
4059.216106
2500.924582
3873.27601
2441.1193
3917.104653
2742.625252
2642.946327
3220.642936
2455.478732
0
3112.639841
3422.674935
3159.449494
2726.951231
3753.201763
2548.873694
2889.888866
2764.538604
3180.591594
3639.219063
2657.252945
2940.434602
3546.973988
1679.773237
3918.40112
4089.866522
3706.957273
2254.191608
2276.495164
2347.409666
2870.274452
1728.441267
2753.059269
2260.614345
3293.588459
3476.93475
1428.989533
1825.510257
335.1374237
2940.193078
2470.017787
4058.93297
3405.765777
3047.727986
4252.860036
3959.221336
3738.354723
4123.074148
3597.67963
3384.346661
29.81885773
3056.545679
3452.605358
3281.042234
2778.246244
3882.349851
4818.962392
2296.653301
4514.791228
3055.828268
2789.40229
2495.824074
1692.225367
3546.132457
2255.544173
2975.893187
4353.988869
2937.018151
1980.390908
3189.392109
3570.854446
2918.185992
2716.416702
3171.621925
3941.321724
1864.763261
3550.498647
217.4824116
190.6169504
4514.645868
3788.760736
4853.210364
0
0
3136.689432
4417.685455
4410.054023
4602.904729
4362.920332
3737.810539
4903.710336
4361.763154
5342.097022
4392.254024
3079.936995
3156.40466
5123.312412
3508.280135
4828.26683
3553.827773
3495.736823
4031.455879
3333.621943
2955.007896
4573.242741
1698.056306
2423.739443
2269.402283
3675.780973
3072.595724
2932.359273
3491.085848
276.4787852
3316.392943
4387.905934
4544.694159
3746.344578
4130.521933
0
3632.787591
4666.04511
4660.568041
4859.311116
4643.702321
4676.563283
5093.643622
4021.008728
3947.069903
4188.559675
4215.438907
4488.535577
4335.701672
3266.068607
6492.823168
4205.485204
4611.860442
3202.061848
3884.563606
4079.166821
3885.653965
3629.420412
3237.871462
3902.746789
4424.505568
3341.419826
3923.429594
4262.31491
3184.510008
3367.111384
1513.80192
495.2932612
5503.135702
5050.254048
0
4402.223977
5008.421019
5652.473105
4866.974456
4588.337712
5116.441344
5386.378604
5269.673263
5694.842765
5459.241073
4566.878099
4771.614271
4671.142178
6397.538117
3944.980708
4623.248997
4626.188251
4801.214881
6032.796836
6320.470109
4231.783766
3232.389407
3530.865853
4590.939709
3585.908598
3895.478021
4352.4415
1865.258763
3999.599135
3835.832988
1835.76755
6832.65323
6109.620626
6547.737035
4025.302707
6083.00351
6094.515167
0
5962.666717
5162.471472
7037.117621
6803.777922
5218.821652
5907.59571
7569.97837
6211.948515
6682.415745
4903.078185
5835.052199
6904.991726
5536.318606
5826.569627
5052.494035
5162.239479
5518.644316
4850.292324
4756.780021
4061.326103
4282.060301
3877.084935
6226.991077
5688.579768
4597.267007
7037.866179
7089.522521
5956.270364
7970.882358
5615.981566
6244.082539
4541.702465
4917.511281
6557.721458
6375.575237
5084.239565
5511.391925
5475.220128
6735.781863
4976.945245
4934.82057
5765.950533
5548.735314
5521.13311
5688.905762
6772.90849
6100.168365
5034.26382
5096.225859
3656.326147
4854.111447
1656.206802
6480.94417
6599.110719
5789.731231
6470.388177
6349.839413
6243.641687
6100.342326
5313.601768
5828.720957
0
7226.694359
5799.829525
6657.221641
7039.593806
6725.131609
5560.731964
6565.40007
6689.477362
5547.225749
7247.362769
5649.432516
5969.850285
8127.760268
7851.376729
5213.97339
6452.724413
5806.141197
7008.604762
6248.972231
7521.801227
7612.861647
8569.912311
6447.854803
8266.829439
0
7383.925827
7600.26998
7924.914336
6382.285727
7047.804953
5751.792556
8248.695862
8404.692906
7654.49974
7358.080581
5605.26583
6775.266345
7154.215396
7620.696234
8446.56718
8116.980295
5518.443741
6982.279371
5321.001002
7496.030597
6957.252913
7462.119533
3213.464947
7684.256386
9718.639891
9136.578031
0
6812.107512
8008.616194
8696.141544
10590.52287
7361.252447
7255.528334
8314.184119
6702.617879
7782.293736
6117.908449
8319.083981
6886.778174
5557.804131
6829.281182
6625.805334
8226.751554
5232.745658
7268.198357
7076.894389
5959.241936
5488.789068
9950.769738
6826.539063
5605.83398
6337.790888
9407.280977
8991.861874
9681.978011
10709.37276
8894.173068
8789.314289
8914.170867
6005.314144
8477.962173
9572.663191
8967.969769
7403.727271
7682.908192
6749.921414
7349.811838
9195.261684
8850.052569
9513.418501
8818.269308
9583.672233
8029.658487
9129.309643
7799.259565
7949.978207
10090.42897
8368.61698
6029.52221
4481.642956
8347.789151
10949.91012
10056.77307
0
8747.390831
9669.240664
9862.503649
8961.06492
9122.202012
8245.785674
8218.28209
8252.219633
9527.534845
9614.178658
10242.82039
10654.24282
7774.988775
9750.068406
10628.36811
8419.175939
10172.56054
10653.98849
12340.75476
10539.17367
4456.044955
9563.198036
9450.091227
9398.947069
8496.59364
9667.323869
9563.412727
0
0
9566.249855
7999.530221
9270.147875
8446.963258
9417.575945
10997.25885
9103.416031
7844.802981
10333.2271
10474.11208
11688.98765
8325.102336
12032.95127
9262.849353
8768.738529
13534.35422
12139.30138
9767.819233
11123.00928
14443.61189
13751.52096
12931.74806
7510.839796
12528.38636
13186.11377
10193.24312
9746.797357
11100.43037
7447.399612
7251.544327
5354.241855
1194.958246
21.41723701
11638.13329
10840.85056
6176.629703
3606.024658
3634.248091
3563.736185
1897.549228
1228.204798
1653.032474
1011.791121
1965.570374
1763.416351
2013.092393
1528.500602
1417.318165
1337.715175
7061.737417
3329.457755
2130.626627
2394.770134
1628.071071
23.04878928
60.13103279
532.2615661
2579.799052
3373.173277
2577.133343
2708.977249
2630.678021
0
3535.901389
22.23468113
9.477902834
0
0
3588.348847
2762.134339
3473.472307
3482.472927
0
2409.941749
3527.337474
4790.498458
3652.057767
2681.081035
3950.663536
0
2257.916306
4209.10591
0
4077.856675
0
1877.978587
50.11195957
2086.467765
3442.365731
755.1936781
99.09885996
26.52233324
0
4640.579168
3600.190308
0
3333.537176
0
0
3332.950697
0
0
0
4436.460932
0
3792.902049
4741.412643
5584.02
5506.565205
0
0
3697.715327
0
4796.242742
0
0
0
0
5504.201388
5355.59216
0
0
5681.486902
6168.324568
5018.07115
5400.171738
0
5397.953503
0
0
0
0
5190.765809
0
7192.097958
0
5458.223807
4219.269217
0
0
0
5018.741577
4928.526486
0
36.73606474
0
305.0221055
97.26137815
0
0
0
7124.818782
5837.091809
6515.286945
5742.287549
6945.173608
1496.84115
0
7056.752208
0
7053.025679
7999.723606
7896.381313
6887.680476
4907.462906
0
8123.941054
6568.141287
6824.661884
6954.859191
7772.456769
0
5812.796153
7556.109575
3016.283894
64.08813788
255.8178327
0
0
0
0
0
7775.090044
27.50016355
0
8619.156296
0
0
-0.7586077072
118.5244624
8495.071171
0
0
7206.642939
8192.463221
8699.192097
-9.147577974
0
7769.887872
10038.15291
190.1610168
0
346.264159
525.2787574
282.1880314
0
0
0
0
0
0
0
11386.79347
0
0
10354.82545
0
87.63833809
2205.436961
1877.599166
666.0307559
834.2929689
8972.619463
10118.81921
11952.75751
15067.03532
0
0
525.5204085
287.573194
387.8769926
11882.06787
6163.972968
10928.81059
6627.59048
11026.93568
6678.439855
1988.2036
3054.935673
3625.437315
1842.257449
1650.05834
1893.850362
1363.731083
866.5995949
1566.048892
777.1573611
506.8456051
121.7824501
59.55080026
2611.544317
863.1242656
2789.603377
2196.801919
3695.015582
1697.759081
1532.376488
956.1337749
1481.608826
931.6905043
1877.468895
1064.577774
1319.874441
2199.626238
724.0283701
438.4861885
491.9802274
0
537.2477741
149.624002
1330.886458
1985.367894
1689.564814
703.952917
2729.229898
319.771312
774.4074518
367.5096847
466.7934376
438.926706
387.7222545
1170.575641
222.1663069
462.0860721
1058.469338
1369.891152
83.07339847
-14.21072318
347.0893292
0
0
0
0
0
0
0
0
0
3519.822587
0
0
0
0
2042.003698
662.9006798
46.30636603
-3.494347013
2425.735544
0
0
0
0
0
0
0
0
2083.918613
0
0
0
2007.786815
0
0
0
2987.21399
0
0
0
1566.283278
270.5849449
0
0
-0.09449438827
328.4706729
0
89.96379657
0
0
7.8248641
0
0
0
0
0
0
0
0
0
0
0
0
2385.080189
0
0
0
0
11.55959156
0
0
0
0
0
752.4774944
0
0
0
0
0
0
0
0
2735.049705
0
0
0
0
0
0
3511.229482
0
0
0
0
0
0
0
0
0
0
0
0
0
0
0
0
1098.222958
291.0445784
0
94.16997314
0
0
0
0
0
0
0
0
0
0
0
0
0
4622.15686
3776.565821
4542.552169
0
0
0
0
0
0
30.64830944
0
0
0
0
0
0
0
3692.725954
0
0
377.6160339
406.5483922
0
0
0
0
0
0
0
0
0
0
0
0
0
0
0
4262.437895
5815.514999
0
0
0
0
0
0
0
0
0
0
0
81.2271743
0
0
0
0
1414.006714
868.4224071
1136.92261
268.7198734
0
36.19315853
327.8652826
0
0
0
0
0
0
0
0
0
0
5698.092274
0
74.14304951
0
0
0
0
0
0
0
0
11.08155346
0
0
0
0
3332.443013
6338.217371
5694.674154
5680.000208
0
0
47.82783669
0
0
0
0
0
5938.5536
4328.286811
1966.664052
2308.897251
731.5975188
0
249.5077228
26.18316494
0
-0.01624297192
0
22.90444631
0
0
0
6280.023993
0
0
0
0
0
0
0
0
0
0
0
0
0
0
0
0
5217.22066
0
0
4509.364958
4953.290385
0
0
0
0
0
0
0
0
0
0
0
0
1826.614488
1975.245212
125.9780321
0
32.98235017
0
1065.958649
0
0
0
0
0
0
0
0
0
7041.129927
0
0
0
0
0
0
0
0
0
0
0
0
0
5459.522637
6999.720922
0
0
0
6864.053608
0
0
84.32143889
130.8614807
0
6099.099178
0
0
0
150.368133
472.1551491
6208.529639
2137.277032
3334.959445
1647.139216
587.6540748
571.5414828
158.1776084
-5.124537257
0
32.32926342
0
0
162.0305083
0
0
0
0
0
0
0
0
0
0
0
0
0
0
0
0
0
0
6690.623858
0
0
0
0
0
0
0
142.2901115
0
7753.10384
109.8038322
0
0
0
0
0
8.678849473
0
0
0
0
0
0
6963.644735
2777.296132
2606.479582
711.2557781
356.4061895
705.5275931
198.3299628
0
140.5874323
204.3674475
112.8936991
87.41356682
43.12039049
77.32501756
0
0
0
0
0
0
0
0
0
0
0
7302.212876
0
0
0
6803.705942
0
37.24342524
0
0
91.88764472
0
0
0
0
173.3811718
102.7195084
0
-8.419694723
6994.383596
57.03017571
52.06921177
0
156.6096803
42.79132746
0
0
0
5969.430366
3750.734561
0
112.1910002
43.63736111
245.1875132
236.913088
124.3266379
142.7732414
0
0
347.2823081
87.35883282
4861.881908
4362.793762
734.0426166
1453.688092
305.0755688
306.3208695
136.0497255
0
0
0
0
0
0
0
0
0
0
0
0
0
0
0
0
0
0
40.02130918
0
58.85006498
0
141.3028132
0
0
0
27.52671011
0
0
0
8289.993246
7284.812814
231.8129571
324.5540144
214.508155
242.035901
40.6163849
0
114.8067232
97.30824123
281.874296
256.9071821
7673.349669
1054.859559
422.9094045
121.3353077
182.289348
111.1589184
219.1838864
334.3352074
482.4594747
0
0
0
0
0
0
0
0
0
0
0
0
0
0
0
0
7638.349043
0
0
0
0
0
0
0
0
0
0
0
0
7138.826802
9103.192514
82.26588752
150.3460928
248.8017729
232.3414186
341.8746898
355.0449448
0
97.73673522
0
2640.358304
1439.707302
559.3795675
528.3677576
998.4868904
178.4580019
474.7075063
445.9880049
106.5068923
949.8574793
595.8885372
551.3178001
236.820443
222.2145786
482.7949242
199.4806546
157.890959
446.7878314
177.8082533
240.8556219
0
89.29575074
1504.362776
465.1719869
800.7902324
0
0
0
0
0
0
0
0
0
9738.638823
0
0
0
0
0
0
12582.66713
7856.38477
152.8219243
0
0
106.8467398
0
0
6584.730228
4338.233058
1092.020964
15.80531401
801.1330626
105.6793133
0
266.1611114
280.5011018
7868.984903
3528.778151
1915.458069
1556.906932
1131.74491
829.0641359
800.9582698
544.9911741
923.6857062
486.9678366
20.10299493
301.1614264
314.6026092
803.9588055
250.1675805
332.9985525
518.5862351
65.33711099
1148.625138
194.8943677
7.805328952
0
203.387641
267.7825431
58.5214384
160.6606719
468.538263
707.8718096
0
85.48990322
0
0
0
0
168.2813035
0
0
0
0
0
0
0
0
5379.478609
1043.666242
0
0
0
0
0
4175.684758
2695.322239
1293.056792
467.7253616
1869.816218
577.4885151
920.8070472
1934.804117
868.4722594
834.3074671
613.5958725
458.4050253
195.1934212
430.8118537
117.9273179
97.39322505
0
0
306.092257
60.49145802
90.5556918
0
0
3095.103976
1490.885982
1334.153524
271.4696659
785.3287484
798.6367049
1275.626449
395.4329612
534.9525666
474.5246896
223.4263941
643.4328725
895.2190262
626.1611195
652.3083475
442.1281141
293.8746448
131.4690287
869.4269017
577.3208862
895.4281864
983.2306132
71.58051681
382.92501
230.5917446
291.5897659
266.3410358
0
146.0507601
4692.13275
1871.342878
2106.998323
1338.145737
2258.197842
1260.352233
1110.129189
0
0
0
6789.63155
2767.227547
2050.200884
2374.274118
1494.966827
1718.346839
3466.987662
2288.02312
0
0
0
3366.160404
1730.836453
2154.539555
1767.917017
2895.855845
1386.260685
1799.175905
996.6933502
0
22.66189356
0
1662.294864
6113.131412
1607.394774
2209.753394
1726.357976
2361.581217
3065.290234
1372.620722
1934.882057
1110.56949
1919.227568
2072.4006
0
0
0
0
72.04975839
2442.530522
1735.510967
1661.98327
1877.113178
2158.788307
1468.62231
1437.190344
1519.833248
1360.929115
1356.968233
544.4200721
1639.860813
921.6931547
896.2805958
1247.37774
640.6059894
1159.037706
389.1092846
846.126351
387.0687442
83.54298028
273.9557072
182.8296931
73.84545358
159.0140849
61.26353609
0
122.1103775
56.37497034
1676.371148
1202.295344
1254.419805
1425.72525
819.7464497
570.5087193
560.0889047
1233.711947
1340.767042
579.9950913
755.2338413
610.236775
841.7934961
472.0472931
1073.065602
475.5098235
1045.659529
426.414867
605.1637242
701.5750756
260.127222
596.0967504
190.9627328
230.4867385
221.5657903
1938.007219
1422.022249
3027.693316
1083.465607
1927.828342
1542.551595
1235.962065
2239.054541
876.6725814
4064.401941
2385.281304
2605.073186
2109.787502
0
0
0
0
1642.354593
328.9934819
1093.653814
847.1275732
1629.032253
1151.297072
1340.599065
1550.545465
2524.046766
1471.225773
1662.311248
1923.271004
0
0
0
2593.703148
2054.25952
1873.54345
2226.513051
2183.847433
1378.677867
1512.346493
1649.184704
1322.263255
2367.353093
846.2771018
1157.2242
1762.437168
0
0
1298.112451
1730.679136
1652.764224
1720.767748
1177.064991
1032.083276
1779.818856
1063.288273
1340.321899
886.7092489
1486.260982
1520.850637
1856.72424
1201.609617
797.1534588
1015.993471
1195.894701
815.9978671
796.5046751
733.5339168
146.4000846
281.2269081
233.2631255
612.3118173
304.3425793
340.5001518
155.8974062
0
0
0
0
356.4509102
0
1478.387955
734.555038
1719.981023
883.6297135
0
603.9064923
964.9522878
271.4910813
316.1708167
90.15379061
108.9353098
1359.835113
2248.288785
2324.207033
1551.623007
1710.469954
1832.438857
1538.588324
1049.096505
1927.610652
1261.730223
1484.091438
0
0
757.5492815
1358.644165
1351.40915
945.9001914
1462.441679
2053.238002
1388.288889
1998.562579
915.7531385
1759.2912
642.4703929
1243.881953
1542.676416
1831.132669
1469.317845
801.2243963
0
0
0
0
2299.810263
1415.033027
829.0066387
1517.332772
453.8728467
849.4908346
958.4246242
1927.597381
1204.504517
876.746318
755.5163368
1310.511453
694.5051757
803.6325725
0
0
0
0
1203.027989
1219.234694
456.5699552
1367.210942
175.8604179
326.9119798
0
1744.395449
1101.118001
1041.84987
1741.571226
1228.137678
1029.199031
0
371.8676122
0
0
974.9878829
2086.935706
0
586.464092
0
59.49613689
)
;
    }
    spline
    {
        type            calculated;
        value           uniform 0;
    }
}


// ************************************************************************* //
