/*--------------------------------*- C++ -*----------------------------------*\
| =========                 |                                                 |
| \\      /  F ield         | OpenFOAM: The Open Source CFD Toolbox           |
|  \\    /   O peration     | Version:  v1706                                 |
|   \\  /    A nd           | Web:      www.OpenFOAM.com                      |
|    \\/     M anipulation  |                                                 |
\*---------------------------------------------------------------------------*/
FoamFile
{
    version     2.0;
    format      ascii;
    class       volScalarField;
    location    "0.4543";
    object      surfaceHeatTransfer_O2;
}
// * * * * * * * * * * * * * * * * * * * * * * * * * * * * * * * * * * * * * //

dimensions      [1 0 -3 0 0 0 0];


internalField   uniform 0;

boundaryField
{
    symmetry
    {
        type            symmetry;
    }
    inlet
    {
        type            calculated;
        value           uniform 0;
    }
    orion
    {
        type            calculated;
        value           nonuniform List<scalar> 
1990
(
269.9455496
23.21076152
415.6344508
54.89066929
115.4057323
0
20.56723629
0
442.8769409
0
788.8914668
432.1790002
0
386.3619932
393.6100138
0
1030.921576
66.75918233
547.9649097
0
0
656.9410869
0
627.7035002
0
493.8327542
0
310.0187417
728.2777395
288.2903338
527.3025009
1252.466473
1041.784408
0
896.8337762
0
773.8350858
0
837.169954
894.0614518
0
827.216517
0
646.6644163
0
833.218721
0
820.9762928
0
1688.544275
0
840.0459592
221.7295089
0
0
1548.60892
0
981.7477824
0
1120.063812
372.5654278
575.4625751
65.91104701
0
0
0
693.1158105
0
1258.935498
0
663.1435462
1077.803779
949.9869495
0
0
0
0
917.6630481
1077.246038
0
1462.083426
782.2580652
856.135686
0
704.1190246
54.57753145
754.896492
0
0
1651.838676
0
1049.027547
929.8652803
0
0
1131.098164
0
2243.32079
0
1146.582632
0
708.5462266
1931.553554
1405.009041
939.8318539
0
1971.10944
0
0
2387.195468
0
0
930.0949626
0
0
1863.285847
0
2301.819514
0
1948.867643
0
1799.332744
0
0
1446.665908
0
0
0
1801.901522
0
54.41039729
245.9405177
0
0
0
0
2136.758951
0
1637.888176
0
0
0
1622.126311
0
64.98386003
1610.169365
0
2649.324033
1646.991619
2049.091926
0
1766.414362
0
0
1785.986983
0
1937.641301
0
2385.308381
226.2919028
490.1797112
215.0997762
0
0
2631.357864
0
1605.135327
0
2105.334197
0
1596.138947
0
0
875.4394534
159.7944508
0
2020.825788
0
2038.982005
2157.696732
1889.537712
0
978.4381665
44.86784363
0
2327.899139
0
0
104.171119
0
0
0
0
2019.289542
0
1987.846676
0
837.3483853
391.374512
371.9932503
58.86604079
172.805702
41.12665812
423.2871511
0
0
0
0
0
1356.757303
0
0
920.4086447
315.6387925
294.6589535
43.85113023
103.4358028
333.7454923
437.6131292
192.1976495
0
0
382.7295478
1207.832557
36.29875081
0
420.4812569
334.8712889
0
0
1296.13096
301.0694409
0
527.6771794
319.3509025
292.8076403
0
196.4492781
472.8282346
278.1155001
0
0
182.4819985
374.0744647
0
524.3087742
154.8782377
0
458.8461748
544.6440008
740.1488171
0
199.2257454
448.8322839
144.2659763
0
233.2281638
214.8342354
423.9905978
0
461.0434296
0
345.352735
0
249.8806796
108.2212085
0
41.63993114
0
47.37418426
0
496.1726385
658.725677
396.9898046
91.35247689
993.9452951
699.7521241
0
0
0
222.6216775
458.6063077
248.1682275
160.8186013
310.8750838
165.9126269
68.73309719
0
0
485.3284871
661.5361447
306.0668023
336.7333245
543.2341626
296.5825555
383.1484654
0
286.6137205
0
705.8455825
0
0
141.7369059
315.5549905
961.3746285
597.4001821
177.994433
465.8015686
559.9747203
197.283846
536.6130802
760.4312659
980.1906393
940.1418373
611.3286365
449.8148433
540.3314494
204.8739578
296.28256
0
521.1036242
872.7714687
331.1271697
756.4727109
537.5785497
711.3138017
1130.889681
401.4876882
241.4689061
338.6560881
0
1116.502134
826.9403049
163.4420888
1207.345548
32.1794494
0
0
0
728.7527879
394.048606
0
59.50077577
1288.783692
1071.940671
619.97232
897.0897984
458.1909953
1247.193634
1136.991656
573.1961825
602.3780588
470.5897258
0
1022.156107
717.9672142
979.5415214
197.5247607
586.2394534
342.0321607
367.217747
522.0485331
879.3111395
747.2196761
585.9076701
474.3304514
882.5697608
207.3556756
852.7063201
963.0861452
824.8653725
234.8103058
475.9619521
452.5719747
742.0730862
353.4233223
465.3222291
242.6029254
919.4009119
308.5414894
469.0625285
283.176106
0
552.1709291
225.0707962
1027.715146
541.8594168
872.7095633
2004.318054
644.1574874
973.5351475
850.8418602
1112.502392
792.0307062
0
243.1450116
892.1285219
859.2772399
547.0842395
894.1260889
2192.792608
342.7505268
612.9729266
1007.438873
834.6384949
407.9701452
596.0420922
453.9478427
707.8266752
533.9410711
1947.497243
365.9759138
623.5289014
215.7658337
683.4004319
470.240456
1002.49677
1102.246289
692.9068299
561.4826394
930.2085508
61.32919325
0
814.6389547
1172.67172
752.1073283
0
0
693.1717361
1104.2343
1083.011715
1163.429363
511.523936
1154.699728
1448.356054
1415.809283
808.5071622
1485.241425
602.1918226
708.501309
1220.788119
1072.930978
1090.678789
514.1904777
811.2216207
679.3908695
1109.433376
652.6304814
860.0471795
256.9230308
615.3976341
271.1244398
1198.82271
1249.359551
233.779488
550.207127
87.43844761
871.864717
540.7123685
742.7617341
429.0451452
553.2463478
0
1446.140063
1718.235975
922.7310722
1030.537776
1108.227602
1035.023168
1331.159973
735.9845888
637.4722087
888.5683254
717.9173524
1319.292264
919.1644345
539.0200493
1885.4858
371.1737444
699.4681936
916.6436571
635.5027335
858.6742511
425.130762
887.0617408
536.4361618
891.2170136
613.8343908
267.9677924
523.3585621
1247.389572
540.244376
478.2271721
121.4281514
-1.825266626
1307.248019
818.5386953
0
1213.964913
1213.365835
1168.48697
1108.512747
816.873144
768.388185
1392.842133
1476.246794
877.6327375
1185.542358
793.9367803
642.5753102
1132.837123
377.3636118
768.3221965
1418.446083
1491.54657
1300.867883
1586.800197
1744.847294
1298.549588
1208.12913
1064.379328
1198.762642
569.8818682
959.4779287
1415.47491
795.0126868
1035.125726
421.4543397
261.3522578
1242.588231
1403.5093
1549.843057
725.9843354
947.2496421
1408.856046
0
1911.06593
785.0411107
1298.563191
1763.592673
773.2286483
1122.180362
1563.453789
1540.691865
1598.530924
788.6300064
2006.032716
1177.224261
1086.322734
1233.280769
2098.456962
1085.111489
673.2750227
514.6284275
520.200924
1223.712857
956.5277671
483.6673692
1418.649682
1273.41103
1199.313624
1126.424997
993.6189277
1255.125608
1255.999271
1721.141014
1183.406496
1161.073854
1202.711553
1653.515169
1789.420314
1361.932378
1654.752452
937.228142
2064.924561
1315.12234
814.9661568
1679.118922
917.3651574
1086.079451
1559.777245
1914.027618
1830.508678
1142.419266
1074.036046
548.4776335
836.9357874
246.1685038
1173.382796
1838.698856
891.6506717
2049.673978
1194.479814
1414.214422
2133.796138
979.5790235
1846.047871
0
1274.425355
1732.60211
1486.021961
1223.280317
894.2081476
767.5765222
1154.944814
901.5072477
1307.084279
2051.132603
1402.193793
1985.303655
2578.080306
1036.500924
911.1017893
1618.994138
2062.223571
949.7886672
1723.956801
2133.659509
1368.394036
1860.704318
1083.710718
3038.241653
0
554.5121946
1653.206129
1854.451233
1935.115229
2227.768166
830.5147929
1783.19198
1783.369143
1837.377521
2290.470496
733.7134663
727.4398001
1799.333572
1862.868965
2720.279291
2429.448982
391.1290717
2605.660072
769.3640261
1836.739444
2340.178779
742.8012486
519.809163
1511.85204
2745.541953
2623.632109
0
1981.941302
2800.939453
2340.926955
2699.501775
1094.804321
1823.337663
1800.497266
2066.733033
1112.623867
1965.760448
1711.203238
2376.589096
932.3994426
1099.486615
1990.903543
2017.228926
1853.633701
1232.631765
1787.128465
1037.244315
472.146897
2148.911092
1203.193611
801.8191707
1345.180009
1907.728454
1206.787868
1319.603195
2939.130967
2143.834094
1521.38438
1234.762538
1410.059074
2080.355219
2116.10257
1500.690537
1770.439624
1416.440997
1199.155134
1383.473308
2783.692935
704.3937116
1742.072818
1381.551383
1632.576306
2246.819428
1540.967629
1652.118442
2201.447457
2734.926807
1615.001137
1453.156405
579.258038
1176.854792
2844.531212
1649.528404
0
2169.16788
2373.480058
3015.367649
1357.864752
1459.256171
2208.893863
1584.981884
2435.436605
2334.402509
1937.376087
2918.451985
2966.22037
2018.062779
2826.872614
2632.145903
1722.623458
3632.46633
2208.446214
2727.212603
2047.290918
1020.50271
1915.840366
1729.10515
2385.895858
1964.113901
1987.20537
2074.90766
0
0
1721.004135
1575.436904
2358.13613
2116.23014
2036.414891
2560.092731
1634.944839
2824.587577
1688.21638
2322.504354
310.8518694
2216.446398
2486.909697
2209.127063
929.8109017
3591.973356
1751.642487
1308.763822
2055.17323
4901.657173
2812.821189
2363.878063
1251.862559
1449.364038
2891.265248
2311.700162
2771.963133
2663.114267
1778.59842
801.8736257
496.470295
0
0
2869.305984
2671.986105
1253.456492
455.1250351
660.0873853
413.4386352
0
124.1777153
572.6060946
375.1198639
748.2126669
497.1168222
641.7065685
660.6161078
233.6459503
385.2344022
1669.556492
888.3530335
451.4058902
758.4097077
738.469872
23.04878928
0
106.8095772
647.6607621
670.7808994
766.4046052
466.6524853
661.2293236
0
467.1998076
0
0
0
0
642.9272397
744.7889541
553.7611947
581.469287
0
504.827332
991.6506946
1126.369591
1245.773933
490.5063368
1030.511677
0
107.0461828
697.7264675
0
965.2154782
0
149.492161
50.11195957
434.1572985
634.4382586
26.66614634
99.09885996
0
0
983.7361101
726.991173
0
777.8298175
0
0
898.1774155
0
0
0
910.4855082
0
1208.244199
853.928702
573.0377827
1443.994877
0
0
808.849828
0
1012.20508
0
0
0
0
1288.37913
836.2171011
0
0
1285.682044
1696.073653
886.434895
1382.986787
0
1158.496165
0
0
0
0
958.4608437
0
1706.349934
0
1255.252101
1354.853916
0
0
0
1329.931472
750.7669858
0
36.73606474
0
0
0
0
0
0
1855.970395
1318.70107
1649.337591
1600.964405
1577.207911
975.356126
0
1600.160234
0
1362.47729
1939.477098
1691.440019
1265.403442
959.1332571
0
1935.95752
1403.291079
2376.696385
1544.685449
1074.05799
0
1256.059942
2520.331343
404.644892
0
0
0
0
0
0
0
769.2568312
0
0
2848.334543
0
0
0
0
1737.998631
0
0
2770.002033
1697.994738
1541.343495
0
0
2033.421363
3248.056268
0
0
110.1348031
49.28211075
30.82285117
0
0
0
0
0
0
0
2018.208163
0
0
1761.754913
0
0
547.1296861
1069.983407
64.25291981
0
2981.175548
1217.166063
2444.280516
4378.244674
0
0
292.3606883
0
387.8769926
3461.808317
1201.234468
2313.183428
2027.933426
2976.068639
1492.396501
35.29709438
1097.97287
1060.238616
456.7238437
413.7472025
533.43282
367.5419536
0
375.3483988
347.507395
371.5565446
0
59.55080026
349.0776539
96.42291816
768.4281422
318.5958
313.8004806
339.5819685
463.2877953
236.5755376
122.9588745
122.7338064
266.1273236
152.2222743
330.2766439
450.8649103
94.98155409
208.8097297
0
0
537.2477741
0
808.0363673
492.5699396
326.8490536
0
873.8469934
0
233.2603168
76.20954297
126.2545544
192.6400306
0
721.3675858
73.65066805
34.55521991
165.142532
350.7923749
42.755939
-14.21072318
87.99767341
0
0
0
0
0
0
0
0
0
742.9858782
0
0
0
0
179.5074339
452.2534323
0
0
533.6962921
0
0
0
0
0
0
0
0
612.7667345
0
0
0
551.402516
0
0
0
766.2633646
0
0
0
363.5464402
41.34703768
0
0
-0.09449438827
20.85184669
0
0
0
0
0
0
0
0
0
0
0
0
0
0
0
0
0
422.1508566
0
0
0
0
0
0
0
0
0
0
66.97513087
0
0
0
0
0
0
0
0
382.1206766
0
0
0
0
0
0
694.422309
0
0
0
0
0
0
0
0
0
0
0
0
0
0
0
0
320.3532696
180.0301017
0
0
0
0
0
0
0
0
0
0
0
0
0
0
0
1209.765722
1250.320494
882.5841576
0
0
0
0
0
0
0
0
0
0
0
0
0
0
999.6873087
0
0
0
107.7138729
0
0
0
0
0
0
0
0
0
0
0
0
0
0
0
784.2495029
1376.766412
0
0
0
0
0
0
0
0
0
0
0
0
0
0
0
0
682.6642654
0
0
0
0
0
0
0
0
0
0
0
0
0
0
0
0
1041.757047
0
0
0
0
0
0
0
0
0
0
0
0
0
0
0
1048.38742
1668.230546
2219.868946
1129.709274
0
0
47.82783669
0
0
0
0
0
2721.570896
1771.667461
1024.28006
559.6333682
0
0
0
0
0
0
0
0
0
0
0
1104.443726
0
0
0
0
0
0
0
0
0
0
0
0
0
0
0
0
1620.032093
0
0
959.4147792
1074.21577
0
0
0
0
0
0
0
0
0
0
0
0
1127.603469
372.4150467
0
0
0
0
193.1722817
0
0
0
0
0
0
0
0
0
1750.605689
0
0
0
0
0
0
0
0
0
0
0
0
0
1378.018821
966.2021351
0
0
0
1274.420113
0
0
0
0
0
957.4551733
0
0
0
0
0
1411.663022
763.5983643
1583.059192
313.3946825
75.94735723
0
99.79302113
0
0
0
0
0
0
0
0
0
0
0
0
0
0
0
0
0
0
0
0
0
0
0
0
1554.984066
0
0
0
0
0
0
0
0
0
978.2937403
109.8038322
0
0
0
0
0
0
0
0
0
0
0
0
1191.454548
409.2551807
338.474619
136.4899886
65.4611989
198.2126913
0
0
0
11.47548417
0
87.41356682
0
0
0
0
0
0
0
0
0
0
0
0
0
755.2433843
0
0
0
1515.55232
0
0
0
0
0
0
0
0
0
173.3811718
0
0
0
750.7023736
0
0
0
0
0
0
0
0
1366.596805
1413.177059
0
15.26247424
0
117.58198
86.68928978
0
0
0
0
0
0
1411.721345
27.46114347
429.5583121
760.0906624
68.57961684
15.63660046
28.26110814
0
0
0
0
0
0
0
0
0
0
0
0
0
0
0
0
0
0
0
0
58.85006498
0
141.3028132
0
0
0
0
0
0
0
2646.868157
2006.929858
0
0
28.73760288
0
0
0
0
0
0
0
3350.950151
516.249054
247.3184542
0
0
107.3425804
0
0
276.7057393
0
0
0
0
0
0
0
0
0
0
0
0
0
0
0
0
1779.928459
0
0
0
0
0
0
0
0
0
0
0
0
661.7541752
1308.708247
3.311885632
0
0
0
0
254.9598953
0
68.90505448
0
0
462.8410092
184.4044834
359.0132914
377.6996649
0
154.1024589
128.0753024
59.72608217
334.1225984
520.4072471
0
125.969266
66.82869839
170.2358386
114.5740572
0
0
119.0462402
135.0887032
0
0
67.327148
0
410.2411465
0
0
0
0
0
0
0
0
0
1372.507625
0
0
0
0
0
0
2042.663233
2587.064128
0
0
0
0
0
0
730.4545779
779.0363865
231.6222596
15.80531401
0
0
0
56.7478586
0
2666.375729
383.9793562
154.9641134
261.3166372
390.7338291
301.6182894
0
19.34204759
169.7158064
70.35035282
20.10299493
36.14288399
82.64840672
296.4120117
127.6724919
0
186.4810657
68.29465014
289.3980926
0
0
0
56.91876319
0
58.5214384
0
0
0
0
85.48990322
0
0
0
0
0
0
0
0
0
0
0
0
0
635.9604034
242.4119221
0
0
0
0
0
913.6446725
765.3510272
605.454088
13.96117646
505.5407703
88.76468412
332.9105913
478.6650169
151.071352
444.9556167
215.3452558
169.0003399
0
233.811526
16.69721645
0
0
0
0
0
0
0
0
663.8517096
575.6812051
451.3865584
0
334.6062726
207.2586512
307.2352002
76.53424733
182.071025
0
44.99778099
0
254.9567966
101.6529341
16.27082146
0
104.2040559
0
162.0645735
102.6351661
128.9027407
136.6083897
0
0
78.37042772
177.4257689
0
0
72.76420251
169.0905898
97.4977352
35.17217362
634.4683564
173.5501668
417.8146057
226.1423177
0
0
0
1586.112194
1166.988618
355.0084916
520.2790518
67.07561878
116.3022981
395.7756558
288.1941261
0
0
0
1328.795653
297.8382193
466.5258892
445.4458649
184.3854097
338.2535849
352.5817922
134.9491357
0
0
0
416.5959286
309.8156576
129.0388284
363.1588831
645.717835
933.3948076
203.1002511
0
161.2473221
245.0716584
203.9254846
865.9835607
0
0
0
0
0
0
755.444
361.276738
538.8512506
101.4728287
300.7671384
141.3753919
267.5102728
273.4134317
65.12273589
468.4067983
463.6830469
0
0
546.9365162
234.8459443
314.3324337
130.0929619
528.2147807
182.3323115
0
40.92585464
0
0
100.1469083
0
0
75.1250727
0
883.4354057
0
441.3853513
17.49669019
240.0817642
0
207.8323328
570.1245893
685.078794
523.7435377
426.5527718
108.0962443
184.93785
0
106.6955757
0
446.7274842
135.5185823
0
0
165.7333124
114.1231774
0
34.1059687
126.8552998
305.7778479
744.9053187
484.1852539
130.3083046
795.6118479
702.1943997
349.7286548
390.0278193
112.0891914
1452.739715
663.4029455
497.6422456
551.6621058
0
0
0
0
154.3074095
67.75566063
217.3577761
229.5448461
342.8173111
325.3248338
143.2417686
416.6199955
502.943194
389.7496423
158.9166307
319.0465345
0
0
0
769.1283761
272.9335314
597.4211168
446.9316004
380.4304576
484.5285742
404.4744342
759.7155241
582.9094664
250.8325771
433.1548195
419.3916122
508.8866956
0
0
457.7026206
578.6119571
141.9887165
704.3954535
0
280.9147822
115.9377402
190.9381865
0
337.8812642
337.2791324
822.7971316
780.1801802
408.0310208
194.985822
74.40432109
482.8129244
0
0
209.768823
0
42.83067153
96.70547548
0
0
0
0
0
0
0
0
0
0
153.6420094
220.291186
1123.297643
350.588291
0
261.9534944
226.0549284
0
0
0
0
389.4988503
327.6267802
1220.771683
635.6198489
558.4184917
177.1473817
0
358.2648009
923.1336387
275.4741639
430.0167593
0
0
333.5936721
340.8809346
347.4075694
276.7631322
200.0535245
335.7231371
369.4467907
209.1320343
-7.422675683
260.0418432
77.94378158
250.4246242
150.0108495
305.8624215
199.9814866
475.0118748
0
0
0
0
285.2719106
157.2711112
456.7818861
320.3367434
165.715477
680.4297671
0
1005.419806
304.9172367
377.4428619
130.5222688
1310.511453
0
0
0
0
0
0
81.51180868
657.7299014
0
509.734985
0
326.9119798
0
0
49.71293151
228.6736602
402.8709583
53.6432738
355.1613118
0
297.4064529
0
0
200.8319514
768.6846642
0
0
0
0
)
;
    }
    spline
    {
        type            calculated;
        value           uniform 0;
    }
}


// ************************************************************************* //
