/*--------------------------------*- C++ -*----------------------------------*\
| =========                 |                                                 |
| \\      /  F ield         | OpenFOAM: The Open Source CFD Toolbox           |
|  \\    /   O peration     | Version:  v1706                                 |
|   \\  /    A nd           | Web:      www.OpenFOAM.com                      |
|    \\/     M anipulation  |                                                 |
\*---------------------------------------------------------------------------*/
FoamFile
{
    version     2.0;
    format      ascii;
    class       volScalarField;
    location    "0.4543";
    object      surfaceHeatTransfer_N2;
}
// * * * * * * * * * * * * * * * * * * * * * * * * * * * * * * * * * * * * * //

dimensions      [1 0 -3 0 0 0 0];


internalField   uniform 0;

boundaryField
{
    symmetry
    {
        type            symmetry;
    }
    inlet
    {
        type            calculated;
        value           uniform 0;
    }
    orion
    {
        type            calculated;
        value           nonuniform List<scalar> 
1990
(
2651.796853
101.5037494
2773.103959
169.556505
559.1602696
468.6726523
1378.864516
0
2666.575854
0
775.7987287
1531.037028
0
1763.641323
2033.81585
22.92619876
949.0832109
109.7817105
3221.038961
24.67361775
0
2138.575842
0
2074.245979
0
1931.387258
0
2407.600321
1221.721216
463.0530428
2537.020667
2937.293949
2858.792986
0
2556.176431
0
2119.803522
0
2921.807854
2265.146563
0
2189.425221
48.71203233
2691.780453
0
2951.752249
0
3717.566756
0
2275.065098
0
2918.418618
3329.704487
0
0
4666.148228
0
3965.746934
0
3288.679518
2692.752819
1183.567788
16.54365509
0
0
0
3462.698339
0
3535.771254
0
3368.456425
1576.79738
3243.355731
0
156.8989088
0
0
4091.364825
3908.553181
0
3801.910958
3451.428688
3179.901961
0
5078.920634
32.01245083
1871.533325
173.7780933
0
4403.740184
0
5148.391278
5856.505462
0
0
3522.25035
0
4007.85178
91.6107914
2370.461841
0
5023.303523
4020.014553
4648.607056
4801.909015
0
4857.130178
0
0
3284.608415
0
0
4572.273972
0
45.64931027
1785.980796
0
4774.000636
0
5433.91323
0
5218.091455
0
0
5448.705792
0
2.914730456
0
4624.651997
0
0
1642.591735
8.101066068
0
0
0
6497.363599
0
3343.813059
0
0
0
5291.586397
0
113.3641718
4470.802935
0
7521.650139
6793.601061
5094.434363
0
5230.997512
0
0
6346.160045
0
5662.600554
0
7286.80819
50.14937968
2807.679573
128.0135336
457.0437091
0
6996.268423
0
6883.460226
0
4869.782595
0
6950.881758
0
0
4780.584472
313.1710716
123.388575
8005.12098
0
6580.698841
7524.738059
7459.789475
0
7283.410779
0
0
3152.204602
134.99157
268.1674794
144.1655862
129.4514759
0
0
0
9241.57211
0
5833.169619
0
2820.726069
777.4997772
290.1233657
747.3217833
750.551555
483.1268251
411.7895343
137.1639582
199.8835906
0
0
0
5964.15115
0
0
2209.305905
2122.518032
960.9395035
2.911733424
939.9824709
1268.78803
981.8295115
364.608868
53.59195834
311.2228042
238.8902896
2031.691737
1154.165956
0
1545.231345
3032.568748
0
1931.53782
2564.13346
724.4588649
0
2549.668899
1086.068205
1521.87078
0
1721.774779
733.7924376
1346.712238
0
1163.62537
585.9003811
107.8274092
576.263658
691.3747308
1314.156586
0
1461.033568
944.7096558
1450.212482
0
1378.362288
1607.24831
625.1658811
0
1522.395841
232.5891656
645.3947234
0
874.9925243
2046.013093
1460.202625
0
1404.789856
1479.031917
0
766.6345239
442.5002786
352.5185968
0
2747.035381
1416.895268
2020.477666
557.9020323
1827.582954
536.92578
99.28933613
0
46.75388654
1928.313201
2036.983317
2086.49928
1146.822221
1247.726693
1021.393077
312.8572055
0
0
1703.46893
2263.50395
737.2271915
853.2877395
992.6041805
3011.086665
1456.819913
603.2023887
775.6669689
0
2795.216058
474.2128701
103.6631057
1907.821757
1783.058036
1937.117598
3098.973491
2191.283704
2816.18912
2488.534713
1221.476597
1599.576529
1465.580365
1289.176637
2161.914735
3286.641389
2687.723482
3740.559685
869.9191365
1701.617271
0
2330.717321
2071.202873
2880.511749
2389.261792
1504.258793
2097.193321
1536.645219
2123.84154
1844.355162
1717.269871
54.77873435
1940.765469
2245.772268
1691.020807
1747.820239
520.8677362
230.2984508
245.0495729
4.001513555
2611.422184
1646.499997
1430.507891
422.3987989
2486.447914
2987.275436
1880.952262
2976.186211
1982.928305
2669.91102
1605.633596
2069.750144
2618.264877
1984.889006
0
2090.483734
2704.70772
2179.907973
2529.42647
3166.96231
2206.841533
2522.671119
2242.490071
2301.280455
2891.999387
2071.345274
2466.104151
2664.404227
1472.417561
3065.6948
3126.780377
2882.091901
2019.381302
1800.533212
1894.837692
2128.201366
1375.017944
2287.73704
2018.011419
2374.187547
3168.39326
959.9270043
1542.334151
335.1374237
2388.022149
2244.94699
3031.217824
2863.90636
2175.018423
2248.541982
3315.063848
2764.819576
3272.232287
2485.177238
2592.315955
29.81885773
2813.400668
2560.476836
2421.764994
2231.162005
2988.223762
2626.169784
1953.902775
3901.818301
2048.389396
1954.763795
2087.853928
1096.183274
3092.184614
1547.717497
2441.952116
2406.491626
2571.042237
1356.862006
2973.626276
2887.454014
2447.945536
1713.919933
2069.375636
3248.414894
1303.280622
2620.290097
156.1532183
190.6169504
3700.006913
2616.089016
4101.103035
0
0
2443.517696
3313.451156
3327.042308
3439.475366
3851.396396
2583.11081
3455.354282
2945.953871
4533.58986
2907.012599
2477.745173
2447.903351
3902.524293
2435.349158
3737.588041
3039.637295
2684.515203
3352.06501
2224.188567
2302.377415
3713.195561
1441.133276
1808.341809
1998.277844
2476.958263
1823.236173
2698.579785
2940.87872
189.0403376
2444.528226
3847.193565
3801.932425
3317.299433
3577.275585
0
2186.647528
2947.809135
3737.836968
3828.77334
3535.474719
3641.540115
3762.483649
3285.024139
3309.597695
3299.99135
3497.521555
3169.243313
3416.537238
2727.048557
4607.337368
3834.311459
3912.392248
2285.41819
3249.060873
3220.49257
3460.523203
2742.358671
2701.4353
3011.529775
3810.671177
3073.452033
3400.071031
3014.925338
2644.265632
2888.884211
1392.373768
497.1185279
4195.887683
4231.715353
0
3188.259064
3795.055184
4483.986135
3758.461709
3771.464568
4348.053159
3993.536471
3793.426469
4817.210028
4273.698715
3772.941319
4129.038961
3538.305055
6020.174505
3176.658512
3204.802914
3134.641682
3500.346998
4445.996639
4575.622815
2933.234178
2024.260277
2466.486525
3392.177068
3016.026729
2936.000092
2936.96659
1070.246076
2964.473409
3414.378648
1574.415292
5590.064999
4706.111326
4997.893978
3299.318371
5135.753868
4685.659121
0
4051.600786
4377.430362
5738.55443
5040.185248
4445.593004
4785.415348
6006.524581
4671.25665
5083.884821
4114.448178
3829.019483
5727.767465
4449.995872
4593.288858
2954.037072
4077.12799
4845.369294
4335.663897
4236.579097
2837.613246
3325.532534
3393.417566
4808.341395
4415.168738
3397.953383
5911.441182
6095.903593
4701.144755
6714.883087
3894.840552
5060.676043
3380.628612
3714.799728
4904.206289
4586.154923
3722.307187
3856.639474
4537.991986
4670.857302
3661.822905
4119.854413
4086.831611
4631.370157
4435.053659
4129.128517
4858.880872
4269.659686
3891.844554
4022.189813
3107.848514
4017.17566
1410.038298
5307.561374
4760.411863
4898.08056
4420.714199
5155.359599
4829.427266
3966.546188
4334.022744
3982.673086
0
5952.269004
4067.227415
5171.199681
5816.313489
5830.923461
4793.155442
5410.455256
5787.970115
4240.141471
5196.230166
4247.238723
3984.54663
5549.679962
6814.875806
4302.8716
4833.730275
3743.917626
6058.816095
4525.015431
5388.141718
6244.467611
6709.207993
5364.144086
5228.587786
0
6829.413632
5947.063851
6070.463103
4447.170498
4820.036787
4921.277763
6465.503882
6621.323762
5817.122218
5067.610085
4871.552364
6047.826545
5354.881824
5757.827269
5726.28789
5687.531314
5127.314669
4376.619298
4551.636976
5659.291153
4617.074133
6719.318284
2693.655784
6172.404346
6973.097938
6512.945923
0
4830.166211
5207.676741
6355.214589
7891.021091
6266.448126
5432.190671
6513.686853
4635.884846
6669.669868
4152.148001
6607.880743
4510.189078
4625.404688
5729.794567
4634.90179
6209.522628
3379.111957
6035.566592
5289.765924
4921.997621
5016.642171
7801.858646
5623.345453
4804.014809
4992.610879
7499.552523
7785.074006
8362.374816
7770.241789
6750.338974
7267.929909
7679.408329
4595.25507
6397.606954
7456.560621
7467.279232
5633.287646
6266.467195
5550.76628
5966.33853
6411.56875
8145.658857
7771.345683
7436.717925
7951.095927
5782.839059
7588.342014
6147.141123
5748.53075
7355.502163
6753.615843
4576.365804
3902.384918
7170.934359
8105.378907
8407.244667
0
6578.222951
7295.760606
6847.136
7603.200168
7662.945842
6036.891811
6633.300206
5816.783028
7193.132336
7676.802571
7324.368403
7688.022447
5756.925996
6923.195792
7996.222212
6696.552481
6540.094211
8445.542273
9613.542162
8491.882748
3435.542245
7647.35767
7720.986077
7013.051212
6532.479739
7680.118499
7488.505067
0
0
7845.24572
6424.093317
6912.011745
6330.733118
7381.161054
8437.166116
7468.471192
5020.215404
8645.010724
8151.607724
11378.13578
6108.655938
9546.041577
7053.72229
7838.927627
9942.380862
10387.65889
8459.055411
9067.836048
9541.954717
10938.69977
10567.86999
6258.977237
11079.02232
10294.84852
7881.54296
6974.834224
8437.316107
5668.801191
6449.670701
4857.77156
1194.958246
21.41723701
8768.827307
8168.864457
4923.173212
3150.899623
2974.160706
3150.297549
1897.549228
1104.027083
1080.426379
636.6712571
1217.357707
1266.299529
1371.385824
867.8844943
1183.672215
952.4807729
5392.180925
2441.104722
1679.220737
1636.360426
889.6011993
0
60.13103279
425.4519889
1932.13829
2702.392378
1810.728738
2242.324763
1969.448697
0
3068.701582
22.23468113
9.477902834
0
0
2945.421608
2017.345385
2919.711113
2901.00364
0
1905.114417
2535.68678
3664.128867
2406.283834
2190.574698
2920.151859
0
2150.870124
3511.379443
0
3112.641197
0
1728.486426
0
1652.310466
2807.927472
728.5275318
0
26.52233324
0
3656.843058
2873.199135
0
2555.707358
0
0
2434.773281
0
0
0
3525.975423
0
2584.65785
3887.483942
5010.982217
4062.570329
0
0
2888.865499
0
3784.037662
0
0
0
0
4215.822258
4519.375058
0
0
4395.804858
4472.250915
4131.636255
4017.184951
0
4239.457338
0
0
0
0
4232.304965
0
5485.748025
0
4202.971707
2864.415301
0
0
0
3688.810104
4177.7595
0
0
0
305.0221055
97.26137815
0
0
0
5268.848387
4518.390739
4865.949355
4141.323144
5367.965697
521.4850242
0
5456.591974
0
5690.548389
6060.246508
6204.941295
5622.277034
3948.329649
0
6187.983534
5164.850208
4447.965499
5410.173743
6698.398779
0
4556.736211
5035.778231
2611.639002
64.08813788
255.8178327
0
0
0
0
0
7005.833213
27.50016355
0
5770.821753
0
0
-0.7586077072
118.5244624
6757.07254
0
0
4436.640905
6494.468484
7157.848602
-9.147577974
0
5736.466509
6790.09664
190.1610168
0
236.1293559
475.9966466
251.3651802
0
0
0
0
0
0
0
9368.585304
0
0
8593.07054
0
87.63833809
1658.307275
807.6157593
601.7778361
834.2929689
5991.443915
8901.653143
9508.476995
10688.79064
0
0
233.1597202
287.573194
0
8420.259554
4962.738499
8615.627165
4599.657053
8050.867044
5186.043354
1952.906505
1956.962803
2565.198699
1385.533605
1236.311137
1360.417542
996.1891299
866.5995949
1190.700494
429.6499661
135.2890605
121.7824501
0
2262.466663
766.7013474
2021.175234
1878.206119
3381.215101
1358.177113
1069.088693
719.5582373
1358.649951
808.9566979
1611.341571
912.3554999
989.5977967
1748.761328
629.046816
229.6764588
491.9802274
0
0
149.624002
522.8500908
1492.797955
1362.715761
703.952917
1855.382905
319.771312
541.147135
291.3001418
340.5388832
246.2866754
387.7222545
449.2080555
148.5156388
427.5308522
893.3268055
1019.098777
40.31745947
0
259.0916558
0
0
0
0
0
0
0
0
0
2776.836708
0
0
0
0
1862.496264
210.6472476
46.30636603
-3.494347013
1892.039252
0
0
0
0
0
0
0
0
1471.151879
0
0
0
1456.384299
0
0
0
2220.950625
0
0
0
1202.736838
229.2379072
0
0
0
307.6188262
0
89.96379657
0
0
7.8248641
0
0
0
0
0
0
0
0
0
0
0
0
1962.929333
0
0
0
0
11.55959156
0
0
0
0
0
685.5023635
0
0
0
0
0
0
0
0
2352.929029
0
0
0
0
0
0
2816.807174
0
0
0
0
0
0
0
0
0
0
0
0
0
0
0
0
777.8696881
111.0144767
0
94.16997314
0
0
0
0
0
0
0
0
0
0
0
0
0
3412.391138
2526.245327
3659.968012
0
0
0
0
0
0
30.64830944
0
0
0
0
0
0
0
2693.038645
0
0
377.6160339
298.8345193
0
0
0
0
0
0
0
0
0
0
0
0
0
0
0
3478.188392
4438.748587
0
0
0
0
0
0
0
0
0
0
0
81.2271743
0
0
0
0
731.3424489
868.4224071
1136.92261
268.7198734
0
36.19315853
327.8652826
0
0
0
0
0
0
0
0
0
0
4656.335228
0
74.14304951
0
0
0
0
0
0
0
0
11.08155346
0
0
0
0
2284.055593
4669.986825
3474.805207
4550.290933
0
0
0
0
0
0
0
0
3216.982704
2556.619351
942.3839921
1749.263882
731.5975188
0
249.5077228
26.18316494
0
-0.01624297192
0
22.90444631
0
0
0
5175.580267
0
0
0
0
0
0
0
0
0
0
0
0
0
0
0
0
3597.188567
0
0
3549.950179
3879.074615
0
0
0
0
0
0
0
0
0
0
0
0
699.0110185
1602.830165
125.9780321
0
32.98235017
0
872.7863669
0
0
0
0
0
0
0
0
0
5290.524238
0
0
0
0
0
0
0
0
0
0
0
0
0
4081.503817
6033.518787
0
0
0
5589.633495
0
0
84.32143889
130.8614807
0
5141.644005
0
0
0
150.368133
472.1551491
4796.866618
1373.678668
1751.900253
1333.744533
511.7067176
571.5414828
58.38458729
-5.124537257
0
32.32926342
0
0
162.0305083
0
0
0
0
0
0
0
0
0
0
0
0
0
0
0
0
0
0
5135.639792
0
0
0
0
0
0
0
142.2901115
0
6774.8101
0
0
0
0
0
0
8.678849473
0
0
0
0
0
0
5772.190188
2368.040951
2268.004963
574.7657895
290.9449906
507.3149018
198.3299628
0
140.5874323
192.8919633
112.8936991
0
43.12039049
77.32501756
0
0
0
0
0
0
0
0
0
0
0
6546.969492
0
0
0
5288.153622
0
37.24342524
0
0
91.88764472
0
0
0
0
0
102.7195084
0
-8.419694723
6243.681223
57.03017571
52.06921177
0
156.6096803
42.79132746
0
0
0
4602.833561
2337.557502
0
96.92852595
43.63736111
127.6055332
150.2237982
124.3266379
142.7732414
0
0
347.2823081
87.35883282
3450.160562
4335.332618
304.4843045
693.5974292
236.4959519
290.6842691
107.7886174
0
0
0
0
0
0
0
0
0
0
0
0
0
0
0
0
0
0
40.02130918
0
0
0
0
0
0
0
27.52671011
0
0
0
5643.12509
5277.882956
231.8129571
324.5540144
185.7705522
242.035901
40.6163849
0
114.8067232
97.30824123
281.874296
256.9071821
4322.399518
538.6105046
175.5909503
121.3353077
182.289348
3.816337975
219.1838864
334.3352074
205.7537354
0
0
0
0
0
0
0
0
0
0
0
0
0
0
0
0
5858.420584
0
0
0
0
0
0
0
0
0
0
0
0
6477.072626
7794.484267
78.95400188
150.3460928
248.8017729
232.3414186
341.8746898
100.0850495
0
28.83168075
0
2640.358304
976.8662927
374.9750841
169.3544662
620.7872256
178.4580019
320.6050474
317.9127025
46.78081012
615.7348809
75.48129011
551.3178001
110.851177
155.3858802
312.5590856
84.90659743
157.890959
446.7878314
58.76201315
105.7669188
0
89.29575074
1437.035628
465.1719869
390.5490859
0
0
0
0
0
0
0
0
0
8366.131198
0
0
0
0
0
0
10540.00389
5269.320642
152.8219243
0
0
106.8467398
0
0
5854.27565
3559.196672
860.398704
0
801.1330626
105.6793133
0
209.4132528
280.5011018
5202.609174
3144.798795
1760.493956
1295.590295
741.0110812
527.4458465
800.9582698
525.6491265
753.9698998
416.6174838
0
265.0185424
231.9542025
507.5467938
122.4950886
332.9985525
332.1051694
-2.957539146
859.2270455
194.8943677
7.805328952
0
146.4688778
267.7825431
0
160.6606719
468.538263
707.8718096
0
0
0
0
0
0
168.2813035
0
0
0
0
0
0
0
0
4743.518205
801.2543203
0
0
0
0
0
3262.040085
1929.971211
687.6027036
453.7641851
1364.275448
488.723831
587.8964559
1456.1391
717.4009074
389.3518504
398.2506166
289.4046853
195.1934212
197.0003277
101.2301014
97.39322505
0
0
306.092257
60.49145802
90.5556918
0
0
2431.252266
915.2047768
882.766966
271.4696659
450.7224758
591.3780537
968.3912489
318.8987139
352.8815416
474.5246896
178.4286131
643.4328725
640.2622296
524.5081854
636.0375261
442.1281141
189.6705889
131.4690287
707.3623282
474.6857201
766.5254457
846.6222235
71.58051681
382.92501
152.2213169
114.1639969
266.3410358
0
73.2865576
4523.04216
1773.845142
2071.82615
703.6773802
2084.647675
842.5376275
883.986871
0
0
0
5203.519357
1600.238929
1695.192393
1853.995066
1427.891208
1602.044541
3071.212006
1999.828994
0
0
0
2037.36475
1432.998234
1688.013665
1322.471152
2711.470435
1048.0071
1446.594113
861.7442145
0
22.66189356
0
1245.698935
5803.315754
1478.355945
1846.594511
1080.640141
1428.18641
2862.189983
1372.620722
1773.634735
865.4978317
1715.302083
1206.417039
0
0
0
0
72.04975839
2442.530522
980.0669673
1300.706533
1338.261928
2057.315479
1167.855172
1295.814952
1252.322975
1087.515684
1291.845497
76.01327383
1176.177766
921.6931547
896.2805958
700.4412237
405.7600451
844.7052724
259.0163226
317.9115703
204.7364327
83.54298028
233.0298526
182.8296931
73.84545358
58.86717659
61.26353609
0
46.98530476
56.37497034
792.9357418
1202.295344
813.0344537
1408.22856
579.6646856
570.5087193
352.2565719
663.5873577
655.6882484
56.25155358
328.6810695
502.1405308
656.8556461
472.0472931
966.3700263
475.5098235
598.9320448
290.8962846
605.1637242
701.5750756
94.39390953
481.973573
190.9627328
196.3807698
94.71049045
1632.229371
677.1169301
2543.508062
953.1573027
1132.216494
840.3571957
886.23341
1849.026722
764.58339
2611.662226
1721.878358
2107.430941
1558.125396
0
0
0
0
1488.047183
261.2378212
876.2960376
617.5827271
1286.214942
825.9722378
1197.357296
1133.925469
2021.103572
1081.476131
1503.394617
1604.22447
0
0
0
1824.574772
1781.325989
1276.122333
1779.581451
1803.416976
894.1492926
1107.872058
889.4691798
739.3537891
2116.520516
413.1222823
737.8325875
1253.550472
0
0
840.4098305
1152.067179
1510.775508
1016.372294
1177.064991
751.1684939
1663.881116
872.3500865
1340.321899
548.8279846
1148.98185
698.0535051
1076.54406
793.5785966
602.1676368
941.5891499
713.0817769
815.9978671
796.5046751
523.7650938
146.4000846
238.3962366
136.55765
612.3118173
304.3425793
340.5001518
155.8974062
0
0
0
0
356.4509102
0
1324.745945
514.263852
596.6833805
533.0414224
0
341.9529979
738.8973594
271.4910813
316.1708167
90.15379061
108.9353098
970.3362623
1920.662005
1103.43535
916.003158
1152.051462
1655.291475
1538.588324
690.8317046
1004.477013
986.2560593
1054.074679
0
0
423.9556094
1017.76323
1004.00158
669.1370592
1262.388155
1717.514865
1018.842099
1789.430545
923.1758141
1499.249357
564.5266113
993.4573289
1392.665566
1525.270247
1269.336358
326.2125216
0
0
0
0
2014.538353
1257.761915
372.2247526
1196.996029
288.1573698
169.0610675
958.4246242
922.1775756
899.5872805
499.3034561
624.9940679
0
694.5051757
803.6325725
0
0
0
0
1121.51618
561.5047926
456.5699552
857.475957
175.8604179
0
0
1744.395449
1051.405069
813.1762096
1338.700268
1174.494404
674.0377189
0
74.4611593
0
0
774.1559315
1318.251042
0
586.464092
0
59.49613689
)
;
    }
    spline
    {
        type            calculated;
        value           uniform 0;
    }
}


// ************************************************************************* //
