/*--------------------------------*- C++ -*----------------------------------*\
| =========                 |                                                 |
| \\      /  F ield         | OpenFOAM: The Open Source CFD Toolbox           |
|  \\    /   O peration     | Version:  v1706                                 |
|   \\  /    A nd           | Web:      www.OpenFOAM.com                      |
|    \\/     M anipulation  |                                                 |
\*---------------------------------------------------------------------------*/
FoamFile
{
    version     2.0;
    format      ascii;
    class       volScalarField;
    location    "0.4543";
    object      surfaceShearStress_mixture;
}
// * * * * * * * * * * * * * * * * * * * * * * * * * * * * * * * * * * * * * //

dimensions      [1 -1 -2 0 0 0 0];


internalField   uniform 0;

boundaryField
{
    symmetry
    {
        type            symmetry;
    }
    inlet
    {
        type            calculated;
        value           uniform 0;
    }
    orion
    {
        type            calculated;
        value           nonuniform List<scalar> 
1990
(
0.8624211572
0.04354240516
0.9170826038
0.1504563306
0.2434808553
0.1579797815
0.3928649384
0
0.8675336432
0
0.6140349329
0.5140206573
0
0.647149897
0.720832462
0.01827436861
0.5853811568
0.1101896547
1.134542289
0.00616517542
0
0.8904331876
0
0.6767673329
0
0.6227627334
0
0.7667798548
0.6821234892
0.26395248
0.705911805
1.119689594
1.091556888
0
0.9389823317
0
0.7717101886
0
0.9731757923
0.8973890241
0
0.8524483366
0.02374303503
0.7325677032
0
1.007700093
0
1.186042718
0
1.156888278
0
0.9368210951
0.8857434827
0
0
1.37295635
0
1.110427681
0
0.8888359966
1.045804211
0.5651599618
0.05664781337
0
0
0
0.8087870662
0
1.161056833
0
1.008726898
0.5704576053
1.020968488
0
0.07378182894
0
0
0.8454358142
1.220715337
0
1.241707939
1.187183541
0.9801217639
0
1.267184123
0.04947166615
0.8351915955
0.07570833197
0
1.166698235
0
0.9817600343
1.695634875
0
0
1.027192295
0
1.42436522
0.0516602615
0.8355564506
0
0.9632135452
1.169259992
1.23132664
1.102996039
0
1.114688891
0
0
1.262179762
0
0
1.064811007
0
0.02419163654
1.002453541
0
1.444505538
0
0.7322723596
0
0.9840589772
0
0
0.9844608917
0
0.01842818339
0
1.042221275
0
0.02976209796
0.6611385071
0.01380505772
0
0
0
1.549853576
0
0.8317903355
0
0
0
1.235419726
0
0.09994948306
1.441586059
0
1.268046598
1.10711615
1.144701843
0
1.226612817
0
0
1.349415048
0
1.219494414
0
1.726201301
0.1152556292
0.9725940013
0.1244220587
0.1718551463
0
1.003415861
0
0.9913207716
0
0.9613416572
0
1.418287612
0
0
1.56149954
0.2008823407
0.06659387806
1.160431502
0
1.019723033
1.199264745
0.7134654515
0
1.333082836
0.02876705601
0
1.237318071
0.06160719724
0.1090764349
0.105108597
0.07724547487
0
0
0
1.166955798
0
1.769616945
0
1.108257259
0.4247950625
0.2419941618
0.2678375972
0.3135603292
0.201398317
0.2895235565
0.04630417602
0.1342598305
0
0
0
1.608005147
0
0
1.064815725
0.9043938178
0.4623082957
0.04999622334
0.3675715236
0.5338873914
0.5242383605
0.2266175435
0.0299646048
0.1147680655
0.2416097836
1.038004515
0.4273657336
0
0.5311039493
1.004544864
0
0.7529777485
1.323869264
0.3934263123
0
1.131063814
0.4583461314
0.7174174591
0
0.6605628342
0.3868174816
0.6190691593
0
0.394522676
0.3220748491
0.1595981861
0.209919782
0.3909457974
0.4168744276
0
0.6033131331
0.4655276996
0.7591964548
0
0.4386749917
0.6796059971
0.2586091627
0
0.6636953567
0.1575299592
0.3909302644
0
0.3924323618
0.6197309015
0.5921759161
0
0.5803612505
0.5529145243
0
0.2239294796
0.1367328109
0.1341178997
0
0.8746270496
0.6444497841
0.7331215596
0.3963836166
0.7820447483
0.5019162776
0.05236552776
0
0.0380937386
0.5930152645
0.878445512
0.6692459095
0.4772115819
0.5986146907
0.4710448097
0.2161951138
0
0
0.6814842055
0.9253186018
0.4581185547
0.3913525182
0.648331317
1.041398462
0.672827318
0.3297158574
0.3937507462
0
0.8042700261
0.1819932081
0.0347445854
0.6414457413
0.6712039412
0.7219623074
1.079584615
0.7281118698
0.8433777091
0.6855207769
0.438951831
0.549716171
0.6281699413
0.7756568608
0.8834342076
1.156890585
0.740900516
1.18895717
0.3096999442
0.6164405889
0
0.8207788869
0.8427583799
0.8252297758
1.000038185
0.5962296863
1.020423571
0.7973911475
0.7210777492
0.5899357197
0.8584145882
0.0308575091
1.089026584
0.7212722332
0.5928451806
1.049547476
0.3467113571
0.0957762946
0.2287144949
0.00702623822
1.148970067
0.731305046
0.5596361507
0.3238430417
0.9373110812
1.137611075
0.6906276411
1.07114115
0.7977818674
1.161225306
0.8544949382
0.7894263366
0.8273735264
0.6349492654
0
0.5577733626
0.7251656
0.771054253
0.6524122248
0.871709895
0.6563392545
0.8193372866
0.9016467113
0.8161086299
0.9201397286
0.6908503054
0.6893655154
0.7562651871
0.5944448332
0.9059341308
1.149675722
1.260784754
0.5949365928
0.6218792502
0.6220029159
0.9108999722
0.4060230843
0.8010363744
0.7893751495
0.8533155778
1.034519839
0.5060463512
0.5526815527
0.1281841347
0.7735932187
0.5909892392
1.281585413
0.8559742673
0.8714876839
1.168528272
0.954247694
0.900144111
1.166673716
0.8712517218
0.9107042841
0.02685053387
0.5263282343
1.008156681
0.9233275787
0.7838223191
1.041249558
1.451644118
0.59229261
1.270859289
0.8198959259
0.9537129486
0.625609595
0.512677238
0.862371299
0.5546131051
0.9546587373
1.544020612
0.9241016966
0.5664470674
0.9185744938
1.133535388
0.6220024224
0.6384565078
0.7888407485
1.102604492
0.6113287347
0.986386788
0.1019771074
0.09903409209
1.130932803
0.8596999942
1.176906188
0
0
0.5379066171
0.9165057623
1.006431102
1.065084306
0.9203608576
1.026819217
1.39789907
1.100644006
1.384539126
0.8713215943
0.7833616428
0.8269410879
1.131560491
0.9145625545
1.137708901
0.8541247993
0.8148981835
1.160577019
0.9696025562
0.9299415157
1.221250047
0.3969927542
0.7270303345
0.5998111812
1.12257052
0.8923856976
0.7991974647
0.9527792885
0.1352759456
0.8654379545
1.118857446
0.7734845759
0.6809964599
0.9273800796
0
0.8531072719
0.8060230254
0.9082055898
1.145042071
1.233555158
1.123347081
1.118078052
0.9066173442
1.102866001
0.9364701734
1.160579934
1.144899754
0.9631727226
0.8147600735
1.347012464
1.156456183
1.102987173
0.6811465989
0.9262650482
0.9623068501
0.9608919009
1.131394346
0.7785834306
0.9919778643
1.224490835
0.9916314277
0.9872553425
1.090670913
0.9375319287
0.8300006471
0.6601858547
0.2106844419
1.1601349
1.199712023
0
1.025569553
1.023143534
1.089402254
1.02905958
0.7829377242
1.172153708
1.184435759
1.110692723
1.164878006
1.310702514
1.072275902
0.8956666494
0.9848869815
1.683705223
0.8989462694
1.023077501
0.9779851815
1.030985664
1.345938383
1.4405784
0.9447819859
0.8107430883
0.7949677756
1.02234313
0.8728666924
1.093582226
1.21369972
0.5706187435
1.102896434
1.113480239
0.5651576695
1.280139741
0.8758251851
1.263420862
0.9341599145
1.04603004
1.376980053
0
1.192511509
1.090234659
1.325441275
1.089834317
1.192392291
1.135182652
1.413575386
1.390557411
1.414816174
0.8154901836
1.118428333
1.50855602
1.215827083
1.273758822
1.106482742
1.236349269
1.208445735
1.051401462
0.8632148687
0.8860606178
1.262589008
1.141031462
1.03126417
1.112693435
0.9731432207
1.617338181
1.234178644
0.6263625976
1.685934947
0.7916585174
1.058789866
0.853409977
0.8677982495
1.052302301
0.9345546145
1.071894042
0.930889645
0.972895554
1.370401507
1.146503185
1.045177918
1.258694215
1.44972297
1.152203959
1.360635199
1.472120326
1.316429401
1.367934214
1.262502628
1.144979417
1.26842089
0.6390534429
0.8887466587
1.125499586
0.973473293
0.9518268027
1.08863944
1.268552833
0.9615663825
0.8720104618
1.002098941
0
1.483708271
0.8111554158
1.360318487
1.406072215
1.005324419
0.7929389731
1.382373198
1.489478801
1.0060084
1.25642772
1.21940851
0.7744712424
2.151058557
1.325080243
1.128006105
1.437131579
1.266743221
1.877114226
1.697332376
0.9400408589
1.05059431
1.358269139
0.9995315823
0.993344272
0
1.361189739
1.047072039
1.187167821
1.079189544
0.6769732159
0.8084588015
1.086656222
1.46206016
1.136602433
1.242665697
1.20598682
0.953523077
1.515236857
1.551732789
1.515519823
1.234519869
0.963533247
1.166960842
0.9255680778
1.362919346
1.653348564
1.854896576
0.8632828117
1.128172491
1.075713087
1.023266244
0
0.9542743894
1.191888907
0.9213482574
0.8682681428
1.532890014
0.7180132363
1.107708417
1.226064717
1.057412342
0.8743767305
1.631410059
0.9652347515
0.6969675325
0.8403132618
0.7627941274
1.533240005
0.7163130069
1.417272502
1.301178933
1.060907428
0.9627801501
2.080421745
0.9228741324
1.094734891
1.151868144
1.289319812
1.38718171
1.062944286
1.293819923
0.6701517266
1.45233193
0.7288725918
0.6827758741
0.8800267752
0.9652579843
1.158835553
1.009048047
0.8263890929
0.9022154039
1.130124362
1.185369923
1.460234117
1.104047379
1.24352133
1.594622772
1.27340636
1.759888932
1.401028926
1.098661612
1.683142358
2.042633491
1.56409452
1.38710537
0.7177785122
0.9865401003
0.921303621
0
0.8301409109
1.188676761
1.113310908
0.5172150319
1.055128113
0.7189636711
0.8649823449
0.743487855
1.016653697
1.080902043
1.072352784
1.307379562
0.9268846655
0.8042618724
1.090439975
1.257189469
1.408069528
1.714172717
1.462257978
1.243934803
1.353007226
0.6499749365
0.9060662722
0.7136749167
0.5650171558
0.8705714335
0.5778454809
0
0
0.287728021
0.7796706595
0.9228645885
0.5976896332
0.8310880989
1.102066797
1.063368733
0.6634553135
0.8331981884
1.19187994
1.180328365
1.034363438
2.121722798
1.896983846
0.5851137955
0.6640171834
0.3934073545
0.4179199435
0.2925479718
1.324511956
0.8391163939
1.408224824
0.6200089354
0.9809970583
0.9324826213
1.792248092
1.417797763
2.2425904
1.74761103
1.640465478
1.170724419
0.4115358411
0.03263580726
1.760321837
1.557328366
1.164271802
0.989004189
0.9090744547
1.064973775
0.5676870319
0.43430952
0.5609812656
0.3674666393
0.7089703267
0.6628812395
0.6707138294
0.4844388913
0.4681749469
0.5240336806
0.8224066365
1.168037658
0.5207770659
0.6950161845
0.6498130194
0.02407142619
0.05131629838
0.2186474815
0.7495145614
1.071479732
0.9081148406
0.7885587588
0.8010467055
0
1.18123038
0.02649745138
0.009431961342
0
0
0.9263337793
0.996924718
1.144075041
1.086254647
0
0.7684677104
0.9822576118
1.149732414
1.068997136
0.5983085796
0.8487905392
0
0.3723829942
1.239229528
0
0.9915863706
0
0.6595109396
0.03845694028
0.4535390658
1.037688647
0.2773584334
0.0487659532
0.02111009417
0
0.5972260802
0.8146941325
0
0.8175720813
0
0
0.6955710092
0
0
0
1.087752387
0
0.8319617844
1.05582326
1.276669629
1.387074173
0
0
0.9725379321
0
1.333628886
0
0
0
0
1.01948844
1.378609382
0
0
1.015432515
1.055007363
0.9471225184
1.272261848
0
1.204657323
0
0
0
0
0.7171793271
0
1.604389436
0
1.037854179
0.9115725559
0
0
0
1.226729521
1.054156788
0
0.03614568648
0
0.1874181171
0.03698416752
0
0
0
1.156227422
1.033225532
1.395350496
0.9399811738
1.394157999
0.4402576108
0
1.150127498
0
1.321203522
1.437480727
1.924153385
1.658748485
1.373865755
0
1.419882112
0.9224881069
0.9910799365
0.8522267271
0.7400483913
0
1.074618408
1.358831748
0.9351419803
0.04682904878
0.1221822571
0
0
0
0
0
0.8753170477
0.04442660588
0
1.262004457
0
0
0.01384843318
0.04863959778
1.090007659
0
0
0.7718018326
0.8501324118
1.026370467
0.002097275813
0
1.32143012
1.496163929
0.1036377547
0
0.159618615
0.1942976506
0.144171638
0
0
0
0
0
0
0
1.382122157
0
0
0.9390579948
0
0.04750700695
0.7409732841
0.6584978276
0.2611680334
0.2491598391
0.8848918658
1.021328423
1.070820568
0.7010392467
0
0
0.1924438717
0.08007653479
0.2098694867
1.69583693
1.627852199
1.251850902
1.709795419
1.411810477
1.352729878
0.6280071563
1.120816122
1.05956864
0.6110470293
0.5690760078
0.6007354971
0.4355117112
0.2902618785
0.5371304788
0.3069748499
0.2670554991
0.1115308494
0.04550984891
0.9644754837
0.3134499168
0.8491372605
0.6714118208
1.134121474
0.6037023284
0.4566627699
0.3521894285
0.4609892622
0.3248992604
0.6275301866
0.3684393178
0.3635045207
0.7451379035
0.2453598122
0.1867016292
0.2101413117
0
0.1626657298
0.04296745617
0.4425943774
0.6487367437
0.507448385
0.264160397
0.907865225
0.1661697006
0.2338003704
0.1213757022
0.1799541401
0.1936455468
0.1835633411
0.410180152
0.1146413381
0.1763424446
0.4670794508
0.5079244994
0.04310806289
0.03029901942
0.1835150034
0
0
0
0
0
0
0
0
0
1.010338339
0
0
0
0
0.5171579316
0.1931440339
0.02506229133
0.01004926163
0.6381426712
0
0
0
0
0
0
0
0
0.6410616336
0
0
0
0.691246698
0
0
0
0.8292545921
0
0
0
0.624769602
0.1145993408
0
0
0.02015273905
0.1669359596
0
0.04877404693
0
0
0.01024642332
0
0
0
0
0
0
0
0
0
0
0
0
0.6228583161
0
0
0
0
0.0183901013
0
0
0
0
0
0.3050556946
0
0
0
0
0
0
0
0
0.7184526806
0
0
0
0
0
0
0.7156839234
0
0
0
0
0
0
0
0
0
0
0
0
0
0
0
0
0.4137527445
0.1211285158
0
0.05197952698
0
0
0
0
0
0
0
0
0
0
0
0
0
1.063491407
0.927011286
0.814561281
0
0
0
0
0
0
0.02268470643
0
0
0
0
0
0
0
1.148387888
0
0
0.1647534821
0.2069931515
0
0
0
0
0
0
0
0
0
0
0
0
0
0
0
1.111139571
1.246743063
0
0
0
0
0
0
0
0
0
0
0
0.03485404007
0
0
0
0
0.4802889974
0.3161451831
0.4711892167
0.1264837129
0
0.02995151673
0.1138098946
0
0
0
0
0
0
0
0
0
0
1.139234198
0
0.03710226901
0
0
0
0
0
0
0
0
0.006481061523
0
0
0
0
0.8535764193
1.422388811
1.350851697
1.385556441
0
0
0.03365401249
0
0
0
0
0
1.61497907
1.370974397
0.6477716329
0.9307911644
0.2290641508
0
0.08176563995
0.02074661504
0
0.01213291142
0
0.01573711324
0
0
0
1.141349983
0
0
0
0
0
0
0
0
0
0
0
0
0
0
0
0
0.9072921455
0
0
0.9732054931
1.15313577
0
0
0
0
0
0
0
0
0
0
0
0
0.6085049506
0.6884742831
0.0673936027
0
0.02342050341
0
0.4262109105
0
0
0
0
0
0
0
0
0
1.050852728
0
0
0
0
0
0
0
0
0
0
0
0
0
0.8246132527
1.123895418
0
0
0
1.152205244
0
0
0.0402422169
0.05025507029
0
1.063562337
0
0
0
0.06522043771
0.1724869077
1.699572225
0.7000318881
1.065909675
0.5712100188
0.2246734839
0.2603084189
0.1174580475
0.006920192617
0
0.0352076831
0
0
0.0585359315
0
0
0
0
0
0
0
0
0
0
0
0
0
0
0
0
0
0
0.9218010791
0
0
0
0
0
0
0
0.07625841726
0
1.443534593
0.05872976575
0
0
0
0
0
0.01117342493
0
0
0
0
0
0
1.986900028
0.9498261892
0.8810870942
0.2260262248
0.1525580429
0.3166033819
0.05483635999
0
0.06637170384
0.111766863
0.05163678494
0.06879475044
0.01895734732
0.03656484382
0
0
0
0
0
0
0
0
0
0
0
1.160254802
0
0
0
1.056358017
0
0.02311726019
0
0
0.03457074444
0
0
0
0
0.06655264197
0.03927015059
0
0.0464999587
1.345909688
0.04064781474
0.00987003602
0
0.1018956281
0.02363851436
0
0
0
1.436130266
1.094140615
0
0.04229489933
0.03422572428
0.08771682288
0.08210888552
0.05545746037
0.04565710242
0
0
0.1187018819
0.03916312654
1.465005165
1.371785992
0.2747302633
0.459831947
0.1557528256
0.1476472255
0.07411534532
0
0
0
0
0
0
0
0
0
0
0
0
0
0
0
0
0
0
0.04800527314
0
0.02279286581
0
0.08965386967
0
0
0
0.02218463392
0
0
0
1.816347584
1.613986887
0.09716333343
0.1000018862
0.09370626874
0.1170489699
0.04978166899
0
0.04646840012
0.06655902
0.1841222534
0.107225896
1.956746138
0.5081540832
0.1509534945
0.06090760137
0.09623963809
0.05786098499
0.07302844549
0.1452273592
0.1601254079
0
0
0
0
0
0
0
0
0
0
0
0
0
0
0
0
1.09229595
0
0
0
0
0
0
0
0
0
0
0
0
1.45669637
2.351291571
0.05198287689
0.05673345852
0.114458242
0.1209171921
0.09959078705
0.1466581768
0
0.06343522639
0
0.8892988026
0.5011305075
0.230092144
0.2493238419
0.3727869984
0.1002261462
0.1588914096
0.1550613567
0.06839169513
0.3189851102
0.2751175464
0.1906294992
0.1055071226
0.09008521458
0.1617775004
0.08913167778
0.09105497802
0.1883540724
0.07975940714
0.1939704106
0
0.06872101931
0.5610942529
0.1497245076
0.2767737262
0
0
0
0
0
0
0
0
0
0.9780045688
0
0
0
0
0
0
2.062829961
1.028377205
0.07614282841
0
0
0.03708741921
0
0
1.793984133
1.195811752
0.3180110385
0.01233132412
0.2414697982
0.04427267873
0
0.1112816357
0.1190225888
1.882486048
1.150636068
0.7543277791
0.5228102776
0.3474487563
0.2994122437
0.3070590321
0.1662026597
0.3897730536
0.2259535734
0.01385312335
0.1412389247
0.1562826797
0.278943433
0.1260906614
0.1360383855
0.2254268173
0.04816963128
0.4032069164
0.06997585299
0.01024064251
0
0.09660858452
0.118227925
0.05975355943
0.09375815115
0.2210808314
0.2664646682
0
0.01743820047
0
0
0
0
0.1147619859
0
0
0
0
0
0
0
0
1.450681025
0.3413782239
0
0
0
0
0
1.321599691
0.9388779266
0.4558790481
0.1847102677
0.545303448
0.2203088184
0.3684312298
0.6544726879
0.3206683949
0.3033774289
0.219299873
0.1911632883
0.054288607
0.1684035736
0.07293379018
0.06082023061
0
0
0.1232504983
0.04002866092
0.06219092103
0
0
1.104240017
0.4353944739
0.4620168376
0.1186816645
0.324188815
0.2794259118
0.441099103
0.2002122036
0.2368667665
0.1979082232
0.1396471874
0.2285762508
0.3500940012
0.2753283057
0.2481438504
0.1577948418
0.1109810364
0.0541989493
0.3481150996
0.2508092912
0.3045954828
0.3034979886
0.07242737091
0.1753966623
0.1068547032
0.1092663129
0.1596160221
0
0.06174823249
1.075343829
0.5301891889
0.6957955487
0.5505930795
0.7514596093
0.3921919171
0.3421332993
0
0
0
1.6837316
0.9983770298
0.676438814
0.8166050116
0.5507849414
0.5420563136
1.051684087
0.7319487406
0
0
0
0.9078683128
0.6561786982
0.7469640935
0.5340614853
0.9399452176
0.4238543606
0.6672146784
0.2658654839
0
0.02156279617
0
0.5516486845
1.84437044
0.5693617705
0.8064794034
0.5497003193
0.8987837707
0.9585770404
0.4647266422
0.668811956
0.4209353358
0.6565104679
0.7309194145
0
0
0
0
0.05420141813
0.8248505794
0.5122291569
0.5202144779
0.6142614795
0.7450739133
0.4177362877
0.5086689537
0.4789242447
0.423543336
0.5243773003
0.1546274447
0.5622008186
0.3129547185
0.3059973331
0.4876678498
0.2140849185
0.3849208039
0.1534043063
0.3392102768
0.11818452
0.04803818126
0.08608577513
0.08579106386
0.03716831981
0.07701372839
0.05524316866
0
0.04601515881
0.04730398552
0.5695066741
0.3978703134
0.4035662837
0.4359691993
0.2651033316
0.2893264327
0.2157222044
0.4572347762
0.4520602684
0.2717985556
0.3180724122
0.2232585228
0.3334296936
0.1820149427
0.3908238165
0.1505245317
0.2795623551
0.2105747063
0.2896258968
0.2496119646
0.1724854552
0.2659862069
0.1076563931
0.126846674
0.07508280228
0.6303850596
0.4111674216
1.02234081
0.3226528147
0.693068928
0.4537518262
0.3937678344
0.8491012425
0.2737074992
1.173634433
0.8847989379
0.9029347304
0.743270381
0
0
0
0
0.6706031482
0.1590429298
0.3956925819
0.247967311
0.4404741021
0.4202084772
0.4830618605
0.5639159345
0.7322889513
0.5010271472
0.5914056481
0.6642245674
0
0
0
1.039429245
0.6272801963
0.6500492168
0.7923524605
0.7821821721
0.3634507512
0.4994133459
0.5605607571
0.4336008138
0.8021642995
0.3781258649
0.3605429943
0.651683535
0
0
0.4898362003
0.513935578
0.6033289374
0.5454495755
0.5227549472
0.2520600746
0.5270129657
0.3998005834
0.4719573315
0.3053329496
0.4742539973
0.505312339
0.6237161332
0.3899495816
0.2903013999
0.4478449777
0.414203031
0.329027631
0.2006120175
0.353392288
0.06188851592
0.1733366087
0.09037993192
0.2038034481
0.1714922416
0.1442310612
0.07713612375
0
0
0
0
0.1149058867
0
0.5762551982
0.2923152879
0.6146410103
0.2805603833
0
0.2068388504
0.2845230855
0.09192331862
0.1330060406
0.04640373462
0.07059091976
0.4534705328
0.743317241
0.8343076495
0.5012245892
0.5711907497
0.6158408559
0.4719708414
0.3781640762
0.6548559555
0.5375470267
0.5376221579
0
0
0.2652807115
0.4700153877
0.5019478592
0.3439878506
0.465523297
0.6774331326
0.5127320624
0.8017675268
0.2107803561
0.5657512442
0.2124978438
0.361871695
0.4570451428
0.6045195266
0.4761371479
0.3943304398
0
0
0
0
0.6941144767
0.478632147
0.2916895011
0.4692560596
0.1871093027
0.3105044494
0.2852146893
0.6625279758
0.4825818508
0.3187356959
0.2668678557
0.474753575
0.2025218111
0.3030365638
0
0
0
0
0.4052950816
0.5007076734
0.1667331695
0.5048403281
0.07219170931
0.1357275288
0
0.5664913607
0.436368778
0.3323534053
0.5960329635
0.3920462369
0.3689296844
0
0.1486340427
0
0
0.2904652189
0.6291127007
0
0.2065989339
0
0.04253899752
)
;
    }
    spline
    {
        type            calculated;
        value           uniform 0;
    }
}


// ************************************************************************* //
